ride_type,weekday,duration,start_zoneID,started_at
bike,0,2532.0,4,2021-07-05 12:20:44
bike,0,771.0,4,2021-07-05 08:59:00
bike,0,262.0,4,2021-07-26 19:06:01
bike,0,187.0,4,2021-07-05 17:15:53
bike,0,816.0,4,2021-07-12 05:45:20
bike,0,553.0,4,2021-07-26 20:02:33
bike,0,1027.0,4,2021-07-19 16:28:24
bike,0,1194.0,4,2021-07-05 16:23:08
bike,0,216.0,4,2021-07-26 17:23:21
bike,0,870.0,4,2021-07-19 00:14:01
bike,0,1040.0,4,2021-07-05 18:22:06
bike,0,672.0,4,2021-07-05 21:01:47
bike,0,751.0,4,2021-07-12 12:33:50
bike,0,468.0,4,2021-07-19 09:42:40
bike,0,1689.0,4,2021-07-19 22:42:12
bike,0,1063.0,4,2021-07-05 13:32:29
bike,0,570.0,4,2021-07-19 21:52:01
bike,0,411.0,4,2021-07-26 13:57:31
bike,0,750.0,4,2021-07-26 16:22:03
bike,0,78.0,4,2021-07-05 18:39:45
bike,0,1313.0,4,2021-07-19 11:37:13
bike,0,550.0,4,2021-07-12 08:31:16
bike,0,73.0,4,2021-07-12 15:52:43
bike,0,87.0,4,2021-07-26 13:17:47
bike,0,433.0,4,2021-07-05 17:43:25
bike,0,360.0,4,2021-07-19 06:33:10
bike,0,679.0,4,2021-07-05 06:40:53
bike,0,658.0,4,2021-07-12 18:11:02
bike,0,452.0,4,2021-07-26 23:38:32
bike,0,804.0,4,2021-07-12 19:23:22
bike,0,1992.0,4,2021-07-19 00:19:21
bike,0,571.0,4,2021-07-12 14:59:18
bike,0,380.0,4,2021-07-12 07:52:08
bike,0,1170.0,4,2021-07-12 07:05:45
bike,0,515.0,4,2021-07-12 19:28:30
bike,0,666.0,4,2021-07-19 14:48:39
bike,0,19293.0,4,2021-07-05 13:32:26
bike,0,862.0,4,2021-07-19 09:30:28
bike,0,602.0,4,2021-07-26 10:41:43
bike,0,722.0,4,2021-07-19 12:08:12
bike,0,805.0,4,2021-07-12 09:32:25
bike,0,383.0,4,2021-07-26 21:11:51
bike,0,278.0,4,2021-07-05 14:55:37
bike,0,1081.0,4,2021-07-12 19:10:01
bike,0,196.0,4,2021-07-05 14:56:02
bike,0,1120.0,4,2021-07-26 22:04:23
bike,0,113.0,4,2021-07-12 18:29:14
bike,0,100.0,4,2021-07-12 08:54:02
bike,0,155.0,4,2021-07-19 13:48:34
bike,0,372.0,4,2021-07-26 18:56:52
bike,0,2727.0,4,2021-07-19 13:01:26
bike,0,85.0,4,2021-07-26 21:51:24
bike,0,919.0,4,2021-07-05 22:45:08
bike,0,733.0,4,2021-07-26 16:07:15
bike,0,154.0,4,2021-07-05 10:41:36
bike,0,440.0,4,2021-07-26 19:21:11
bike,0,87.0,4,2021-07-19 19:17:20
bike,0,455.0,4,2021-07-26 19:21:01
bike,0,234.0,4,2021-07-19 19:06:11
bike,0,2300.0,4,2021-07-19 17:24:18
bike,0,1598.0,4,2021-07-05 20:41:12
bike,0,566.0,4,2021-07-12 18:04:06
bike,0,891.0,4,2021-07-05 17:13:18
bike,0,423.0,4,2021-07-12 18:56:24
bike,0,304.0,4,2021-07-19 23:19:12
bike,0,538.0,4,2021-07-05 21:01:54
bike,0,278.0,4,2021-07-05 16:24:41
bike,0,258.0,4,2021-07-05 15:45:25
bike,0,464.0,4,2021-07-19 15:16:09
bike,0,709.0,4,2021-07-26 13:54:46
bike,0,1054.0,4,2021-07-19 08:13:54
bike,0,671.0,4,2021-07-05 00:26:49
bike,0,625.0,4,2021-07-12 11:59:21
bike,0,848.0,4,2021-07-19 08:48:02
bike,0,1559.0,4,2021-07-12 19:47:02
bike,0,1047.0,4,2021-07-19 23:08:45
bike,0,1270.0,4,2021-07-05 01:42:43
bike,0,30.0,4,2021-07-05 22:07:58
bike,0,1895.0,4,2021-07-05 01:40:29
bike,0,47.0,4,2021-07-05 13:50:35
bike,0,2742.0,4,2021-07-05 13:04:24
bike,0,1524.0,4,2021-07-26 16:57:22
bike,0,2398.0,4,2021-07-26 17:54:33
bike,0,227.0,4,2021-07-19 17:21:33
bike,0,1031.0,4,2021-07-12 10:04:02
bike,0,226.0,4,2021-07-12 06:03:55
bike,0,473.0,4,2021-07-19 15:30:05
bike,0,485.0,4,2021-07-12 16:23:31
bike,0,1038.0,4,2021-07-26 10:43:57
bike,0,95.0,4,2021-07-26 12:47:04
bike,0,981.0,4,2021-07-19 09:43:08
bike,0,841.0,4,2021-07-12 10:33:05
bike,0,653.0,4,2021-07-26 14:38:34
bike,0,1745.0,4,2021-07-05 01:18:32
bike,0,256.0,4,2021-07-19 08:21:08
bike,0,332.0,4,2021-07-05 12:50:31
bike,0,269.0,4,2021-07-26 07:36:45
bike,0,2344.0,4,2021-07-19 14:02:47
bike,0,69.0,4,2021-07-26 05:27:22
bike,0,562.0,4,2021-07-19 13:36:21
bike,0,557.0,4,2021-07-12 17:11:24
bike,0,544.0,4,2021-07-26 20:02:45
bike,0,563.0,4,2021-07-12 12:41:33
bike,0,424.0,4,2021-07-26 17:36:16
bike,0,533.0,4,2021-07-19 09:44:48
bike,0,449.0,4,2021-07-12 13:37:20
bike,0,546.0,4,2021-07-05 18:52:40
bike,0,483.0,4,2021-07-19 13:28:57
bike,0,314.0,4,2021-07-26 19:08:50
bike,0,588.0,4,2021-07-26 22:27:53
bike,0,454.0,4,2021-07-26 10:09:38
bike,0,1022.0,4,2021-07-05 11:49:46
bike,0,477.0,4,2021-07-12 18:29:46
bike,0,1045.0,4,2021-07-19 08:20:15
bike,0,950.0,4,2021-07-12 19:21:00
bike,0,1928.0,4,2021-07-19 00:19:18
bike,0,1628.0,4,2021-07-19 22:43:14
bike,0,1659.0,4,2021-07-12 16:04:53
bike,0,1552.0,4,2021-07-12 15:38:34
bike,0,26.0,4,2021-07-19 09:02:18
bike,0,26.0,4,2021-07-12 08:27:01
bike,0,1658.0,4,2021-07-19 03:34:51
bike,0,177.0,4,2021-07-12 09:38:31
bike,0,1716.0,4,2021-07-05 14:02:52
bike,0,144.0,4,2021-07-26 17:26:10
bike,0,1052.0,4,2021-07-19 08:12:21
bike,0,282.0,4,2021-07-19 14:46:21
bike,0,316.0,4,2021-07-26 21:13:50
bike,0,399.0,4,2021-07-12 18:59:09
bike,0,235.0,4,2021-07-26 17:55:36
bike,0,245.0,4,2021-07-05 13:33:15
bike,0,218.0,4,2021-07-19 16:21:46
bike,0,798.0,4,2021-07-05 16:34:46
bike,0,251.0,4,2021-07-05 13:04:13
bike,0,694.0,4,2021-07-05 20:54:46
bike,0,159.0,4,2021-07-12 16:22:11
bike,0,609.0,4,2021-07-12 07:42:14
bike,0,846.0,4,2021-07-19 08:21:41
bike,0,513.0,4,2021-07-12 00:15:56
bike,0,184.0,4,2021-07-19 18:41:14
bike,0,704.0,4,2021-07-12 18:37:13
bike,0,700.0,4,2021-07-19 10:49:27
bike,0,1651.0,4,2021-07-12 09:15:09
bike,0,1789.0,4,2021-07-26 07:39:00
bike,0,2227.0,4,2021-07-26 17:38:03
bike,0,811.0,4,2021-07-26 22:22:50
bike,0,148.0,4,2021-07-19 17:55:48
bike,0,2122.0,4,2021-07-05 18:28:16
bike,0,1745.0,4,2021-07-05 19:48:09
bike,0,646.0,4,2021-07-05 18:17:06
bike,0,300.0,4,2021-07-05 22:13:09
bike,0,921.0,4,2021-07-19 13:22:44
bike,0,243.0,4,2021-07-26 12:22:12
bike,0,244.0,4,2021-07-05 17:03:57
bike,0,463.0,4,2021-07-19 21:20:11
bike,0,214.0,4,2021-07-26 11:21:17
bike,0,562.0,4,2021-07-05 18:02:32
bike,0,2668.0,4,2021-07-05 01:11:23
bike,0,418.0,4,2021-07-05 18:51:08
bike,0,217.0,4,2021-07-12 18:43:25
bike,0,2715.0,4,2021-07-05 01:10:31
bike,0,252.0,4,2021-07-05 13:03:58
bike,0,216.0,4,2021-07-12 12:40:01
bike,0,236.0,4,2021-07-05 16:06:46
bike,0,292.0,4,2021-07-12 19:00:55
bike,0,347.0,4,2021-07-26 07:57:10
bike,0,421.0,4,2021-07-05 10:55:43
bike,0,293.0,4,2021-07-05 17:03:22
bike,0,397.0,4,2021-07-05 19:11:56
bike,0,212.0,4,2021-07-05 19:15:02
bike,0,271.0,4,2021-07-26 15:32:23
bike,0,264.0,4,2021-07-12 13:22:41
bike,0,321.0,4,2021-07-26 07:34:03
bike,0,391.0,4,2021-07-19 14:14:37
bike,0,273.0,4,2021-07-05 12:15:19
bike,0,243.0,4,2021-07-19 16:33:08
bike,0,898.0,4,2021-07-12 10:07:47
bike,0,182.0,4,2021-07-12 11:31:12
bike,0,828.0,4,2021-07-19 09:47:24
bike,0,1377.0,4,2021-07-19 20:19:00
bike,0,715.0,4,2021-07-05 19:04:49
bike,0,1317.0,4,2021-07-19 20:19:35
bike,0,1604.0,4,2021-07-05 13:35:16
bike,0,307.0,4,2021-07-19 17:52:40
bike,0,537.0,4,2021-07-05 22:30:36
bike,0,586.0,4,2021-07-26 18:48:03
bike,0,648.0,4,2021-07-05 14:16:50
bike,0,230.0,4,2021-07-26 20:21:26
bike,0,215.0,4,2021-07-26 17:31:13
bike,0,939.0,4,2021-07-05 14:31:35
bike,0,284.0,4,2021-07-26 10:22:02
bike,0,229.0,4,2021-07-19 12:24:36
bike,0,355.0,4,2021-07-26 09:40:31
bike,0,5241.0,4,2021-07-19 13:49:58
bike,0,201.0,4,2021-07-19 09:42:13
bike,0,209.0,4,2021-07-26 17:10:04
bike,0,100.0,4,2021-07-26 07:03:51
bike,0,264.0,4,2021-07-19 18:02:53
bike,0,137.0,4,2021-07-19 16:20:40
bike,0,230.0,4,2021-07-12 11:15:37
bike,0,615.0,4,2021-07-12 20:13:09
bike,0,654.0,4,2021-07-26 19:17:09
bike,0,197.0,4,2021-07-12 19:15:53
bike,0,208.0,4,2021-07-12 20:25:18
bike,0,335.0,4,2021-07-05 16:09:36
bike,0,246.0,4,2021-07-19 07:03:36
bike,0,222.0,4,2021-07-26 18:54:47
bike,0,185.0,4,2021-07-26 10:46:11
bike,0,42.0,4,2021-07-05 16:23:34
bike,0,1925.0,4,2021-07-12 14:40:44
bike,0,12.0,4,2021-07-05 19:22:53
bike,0,795.0,4,2021-07-05 22:27:44
bike,0,266.0,4,2021-07-19 19:22:46
bike,0,231.0,4,2021-07-05 13:53:54
bike,0,273.0,4,2021-07-19 13:35:18
bike,0,2138.0,4,2021-07-12 17:16:00
bike,0,261.0,4,2021-07-05 16:15:58
bike,0,301.0,4,2021-07-12 10:57:15
bike,0,281.0,4,2021-07-19 14:39:53
bike,0,320.0,4,2021-07-26 14:36:24
bike,0,234.0,4,2021-07-26 07:46:59
bike,0,296.0,4,2021-07-19 08:22:45
bike,0,249.0,4,2021-07-19 10:49:36
bike,0,91.0,4,2021-07-05 21:02:55
bike,0,118.0,4,2021-07-05 19:07:36
bike,0,1083.0,4,2021-07-05 19:33:51
bike,0,332.0,4,2021-07-12 21:18:05
bike,0,251.0,4,2021-07-05 15:05:25
bike,0,1322.0,4,2021-07-19 17:44:56
bike,0,574.0,4,2021-07-12 20:13:54
bike,0,333.0,4,2021-07-19 18:22:39
bike,0,313.0,4,2021-07-19 16:31:28
bike,0,96.0,4,2021-07-19 08:44:48
bike,0,2241.0,4,2021-07-05 19:15:13
bike,0,273.0,4,2021-07-12 07:40:48
bike,0,1397.0,4,2021-07-12 07:07:54
bike,0,760.0,4,2021-07-19 16:58:09
bike,0,1627.0,4,2021-07-26 16:17:52
bike,0,2455.0,4,2021-07-12 13:08:31
bike,0,966.0,4,2021-07-19 18:13:33
bike,0,2973.0,4,2021-07-19 23:00:31
bike,0,1730.0,4,2021-07-05 00:35:27
bike,0,1356.0,4,2021-07-26 18:41:11
bike,0,2366.0,4,2021-07-26 13:25:26
bike,0,335.0,4,2021-07-26 14:05:22
bike,0,8003.0,4,2021-07-12 16:59:17
bike,0,2604.0,4,2021-07-12 19:13:29
bike,0,2508.0,4,2021-07-19 12:42:11
bike,0,805.0,4,2021-07-12 09:42:09
bike,0,337.0,4,2021-07-12 20:29:25
bike,0,48.0,4,2021-07-12 23:41:08
bike,0,776.0,4,2021-07-26 21:25:22
bike,0,2499.0,4,2021-07-05 19:23:00
bike,0,23.0,4,2021-07-26 11:05:45
bike,0,32.0,4,2021-07-12 19:08:01
bike,0,4017.0,4,2021-07-05 17:35:58
bike,0,346.0,4,2021-07-26 20:09:50
bike,0,721.0,4,2021-07-26 20:36:45
bike,0,901.0,4,2021-07-19 14:54:51
bike,0,1160.0,4,2021-07-19 19:10:18
bike,0,1486.0,4,2021-07-19 16:27:28
bike,0,17.0,4,2021-07-26 18:47:47
bike,0,34.0,4,2021-07-19 09:39:28
bike,0,560.0,4,2021-07-26 09:22:40
bike,0,887.0,4,2021-07-05 16:06:17
bike,0,196.0,4,2021-07-19 19:18:18
bike,0,569.0,4,2021-07-12 17:38:54
bike,0,596.0,4,2021-07-12 11:59:24
bike,0,460.0,4,2021-07-26 06:24:25
bike,0,1094.0,4,2021-07-19 08:22:20
bike,0,1009.0,4,2021-07-19 07:42:33
bike,0,285.0,4,2021-07-12 17:39:08
bike,0,334.0,4,2021-07-12 09:21:26
bike,0,1225.0,4,2021-07-12 07:13:58
bike,0,251.0,4,2021-07-19 06:43:21
bike,0,402.0,4,2021-07-26 05:54:13
bike,0,402.0,4,2021-07-12 19:33:29
bike,0,478.0,4,2021-07-26 17:14:44
bike,0,383.0,4,2021-07-19 05:50:13
bike,0,409.0,4,2021-07-12 05:45:41
bike,0,1933.0,4,2021-07-19 19:26:51
bike,0,192.0,4,2021-07-26 10:22:33
bike,0,212.0,4,2021-07-19 21:05:06
bike,0,177.0,4,2021-07-12 20:01:22
bike,0,1365.0,4,2021-07-12 18:38:43
bike,0,2415.0,4,2021-07-12 08:40:48
bike,0,192.0,4,2021-07-26 17:50:11
bike,0,688.0,4,2021-07-26 16:36:40
bike,0,2441.0,4,2021-07-05 12:29:20
bike,0,400.0,4,2021-07-26 18:07:59
bike,0,417.0,4,2021-07-12 10:12:25
bike,0,454.0,4,2021-07-19 15:06:29
bike,0,800.0,4,2021-07-12 15:07:56
bike,0,203.0,4,2021-07-19 17:36:03
bike,0,1324.0,4,2021-07-19 19:37:04
bike,0,673.0,4,2021-07-05 22:08:53
bike,0,808.0,4,2021-07-12 21:46:48
bike,0,227.0,4,2021-07-12 16:52:05
bike,0,581.0,4,2021-07-26 09:54:38
bike,0,993.0,4,2021-07-19 20:38:22
bike,0,687.0,4,2021-07-26 07:34:49
bike,0,1090.0,4,2021-07-26 16:44:21
bike,0,1764.0,4,2021-07-19 07:58:29
bike,0,2663.0,4,2021-07-12 14:23:33
bike,0,1913.0,4,2021-07-12 15:18:13
bike,0,1410.0,4,2021-07-26 06:29:03
bike,0,1035.0,4,2021-07-26 09:13:51
bike,0,659.0,4,2021-07-19 19:25:02
bike,0,787.0,4,2021-07-05 15:18:47
bike,0,514.0,4,2021-07-05 19:48:39
bike,0,622.0,4,2021-07-19 09:41:29
bike,0,494.0,4,2021-07-05 16:58:15
bike,0,569.0,4,2021-07-12 15:32:46
bike,0,765.0,4,2021-07-26 10:37:13
bike,0,611.0,4,2021-07-19 16:12:46
bike,0,657.0,4,2021-07-05 10:10:54
bike,0,996.0,4,2021-07-26 11:18:09
bike,0,696.0,4,2021-07-12 10:55:59
bike,0,84.0,4,2021-07-12 16:21:19
bike,0,1303.0,4,2021-07-19 14:42:52
bike,0,80.0,4,2021-07-19 16:56:31
bike,0,226.0,4,2021-07-12 21:01:13
bike,0,420.0,4,2021-07-26 22:07:10
bike,0,71.0,4,2021-07-05 21:01:05
bike,0,73.0,4,2021-07-26 11:41:12
bike,0,90.0,4,2021-07-12 06:50:15
bike,0,825.0,4,2021-07-26 08:16:48
bike,0,346.0,4,2021-07-05 11:18:21
bike,0,687.0,4,2021-07-12 13:36:06
bike,0,726.0,4,2021-07-05 12:05:17
bike,0,594.0,4,2021-07-05 13:35:13
bike,0,733.0,4,2021-07-05 15:49:04
bike,0,645.0,4,2021-07-26 09:33:59
bike,0,417.0,4,2021-07-26 05:07:33
bike,0,662.0,4,2021-07-12 16:37:55
bike,0,292.0,4,2021-07-19 16:27:12
bike,0,652.0,4,2021-07-05 14:06:19
bike,0,885.0,4,2021-07-05 17:38:00
bike,0,871.0,4,2021-07-26 07:14:00
bike,0,1003.0,4,2021-07-12 13:59:18
bike,0,661.0,4,2021-07-05 14:06:28
bike,0,976.0,4,2021-07-05 06:21:47
bike,0,739.0,4,2021-07-05 08:33:29
bike,0,755.0,4,2021-07-12 07:42:23
bike,0,174.0,4,2021-07-26 14:44:40
bike,0,163.0,4,2021-07-26 15:43:29
bike,0,189.0,4,2021-07-19 19:53:49
bike,0,463.0,4,2021-07-12 21:44:09
bike,0,402.0,4,2021-07-05 19:44:56
bike,0,376.0,4,2021-07-26 15:55:41
bike,0,528.0,4,2021-07-19 09:21:49
bike,0,763.0,4,2021-07-26 14:58:37
bike,0,477.0,4,2021-07-12 17:53:10
bike,0,52214.0,4,2021-07-05 02:11:41
bike,0,901.0,4,2021-07-26 17:35:17
bike,0,644.0,4,2021-07-19 19:07:57
bike,0,391.0,4,2021-07-26 07:21:06
bike,0,561.0,4,2021-07-05 18:52:22
bike,0,487.0,4,2021-07-12 17:28:46
bike,0,1708.0,4,2021-07-12 01:35:23
bike,0,281.0,4,2021-07-05 14:27:18
bike,0,1648.0,4,2021-07-05 14:22:13
bike,0,1087.0,4,2021-07-12 07:37:33
bike,0,849.0,4,2021-07-05 14:52:48
bike,0,485.0,4,2021-07-05 18:05:58
bike,0,1250.0,4,2021-07-12 18:25:02
bike,0,905.0,4,2021-07-19 19:02:49
bike,0,612.0,4,2021-07-19 17:43:46
bike,0,511.0,4,2021-07-05 22:00:58
bike,0,665.0,4,2021-07-26 14:00:56
bike,0,960.0,4,2021-07-26 13:58:29
bike,0,521.0,4,2021-07-05 15:18:05
bike,0,655.0,4,2021-07-12 18:49:57
bike,0,585.0,4,2021-07-12 18:14:51
bike,0,966.0,4,2021-07-19 16:48:38
bike,0,670.0,4,2021-07-26 09:17:50
bike,0,971.0,4,2021-07-26 14:33:24
bike,0,2064.0,4,2021-07-12 10:44:09
bike,0,216.0,4,2021-07-19 16:40:21
bike,0,206.0,4,2021-07-05 13:59:06
bike,0,268.0,4,2021-07-26 08:02:51
bike,0,183.0,4,2021-07-19 17:25:08
bike,0,1312.0,4,2021-07-12 05:44:04
bike,0,1434.0,4,2021-07-12 11:08:25
bike,0,199.0,4,2021-07-05 08:48:24
bike,0,224.0,4,2021-07-12 06:30:24
bike,0,1937.0,4,2021-07-19 19:26:54
bike,0,640.0,4,2021-07-05 20:42:05
bike,0,5609.0,4,2021-07-12 07:32:05
bike,0,438.0,4,2021-07-12 13:34:04
bike,0,641.0,4,2021-07-12 12:17:33
bike,0,494.0,4,2021-07-26 14:10:55
bike,0,1269.0,4,2021-07-05 19:16:08
bike,0,1893.0,4,2021-07-19 19:27:35
bike,0,3153.0,4,2021-07-12 21:00:58
bike,0,771.0,4,2021-07-12 10:17:48
bike,0,784.0,4,2021-07-26 11:29:35
bike,0,1525.0,4,2021-07-19 18:55:16
bike,0,745.0,4,2021-07-05 14:08:31
bike,0,2243.0,4,2021-07-26 12:28:08
bike,0,976.0,4,2021-07-19 07:39:50
bike,0,515.0,4,2021-07-19 10:02:08
bike,0,601.0,4,2021-07-12 08:16:32
bike,0,605.0,4,2021-07-05 08:27:13
bike,0,1002.0,4,2021-07-26 15:22:55
bike,0,794.0,4,2021-07-19 19:42:56
bike,0,984.0,4,2021-07-05 15:28:24
bike,0,1112.0,4,2021-07-05 14:49:57
bike,0,2904.0,4,2021-07-26 07:56:21
bike,0,691.0,4,2021-07-19 11:31:34
bike,0,1036.0,4,2021-07-19 02:58:50
bike,0,1283.0,4,2021-07-19 07:44:56
bike,0,643.0,4,2021-07-05 11:57:33
bike,0,651.0,4,2021-07-05 11:36:44
bike,0,509.0,4,2021-07-26 13:21:41
bike,0,922.0,4,2021-07-19 18:45:47
bike,0,492.0,4,2021-07-12 13:59:11
bike,0,636.0,4,2021-07-26 15:59:05
bike,0,368.0,4,2021-07-19 20:57:49
bike,0,491.0,4,2021-07-26 17:58:00
bike,0,621.0,4,2021-07-12 22:08:13
bike,0,364.0,4,2021-07-12 22:26:11
bike,0,602.0,4,2021-07-12 10:06:15
bike,0,629.0,4,2021-07-26 18:03:32
bike,0,449.0,4,2021-07-19 16:42:20
bike,0,443.0,4,2021-07-19 20:17:40
bike,0,775.0,4,2021-07-19 20:35:29
bike,0,557.0,4,2021-07-19 21:50:58
bike,0,965.0,4,2021-07-19 12:10:05
bike,0,509.0,4,2021-07-26 12:37:27
bike,0,691.0,4,2021-07-19 16:51:32
bike,0,662.0,4,2021-07-26 12:58:32
bike,0,1567.0,4,2021-07-19 11:59:11
bike,0,674.0,4,2021-07-26 16:46:39
bike,0,399.0,4,2021-07-05 23:17:14
bike,0,628.0,4,2021-07-05 00:36:57
bike,0,587.0,4,2021-07-12 23:45:40
bike,0,585.0,4,2021-07-05 22:22:49
bike,0,1103.0,4,2021-07-26 02:33:09
bike,0,154.0,4,2021-07-26 16:55:44
bike,0,1504.0,4,2021-07-12 17:26:17
bike,0,797.0,4,2021-07-05 23:42:31
bike,0,77.0,4,2021-07-19 08:12:04
bike,0,124.0,4,2021-07-05 17:51:55
bike,0,174.0,4,2021-07-19 12:43:58
bike,0,914.0,4,2021-07-26 21:38:43
bike,0,3888.0,4,2021-07-19 22:05:38
bike,0,766.0,4,2021-07-05 18:35:11
bike,0,41.0,4,2021-07-05 19:32:03
bike,0,872.0,4,2021-07-19 16:03:14
bike,0,826.0,4,2021-07-05 13:02:21
bike,0,38.0,4,2021-07-05 13:00:45
bike,0,2905.0,4,2021-07-12 20:16:08
bike,0,2857.0,4,2021-07-12 20:16:46
bike,0,1175.0,4,2021-07-26 11:15:34
bike,0,12.0,4,2021-07-19 20:26:25
bike,0,876.0,4,2021-07-12 22:27:06
bike,0,550.0,4,2021-07-12 12:44:12
bike,0,1840.0,4,2021-07-12 17:05:09
bike,0,266.0,4,2021-07-05 18:36:21
bike,0,626.0,4,2021-07-19 12:41:37
bike,0,740.0,4,2021-07-19 22:05:06
bike,0,942.0,4,2021-07-05 01:01:47
bike,0,90.0,4,2021-07-05 00:59:51
bike,0,2346.0,4,2021-07-19 16:11:44
bike,0,1771.0,4,2021-07-26 01:46:32
bike,0,35.0,4,2021-07-19 17:46:17
bike,0,853.0,4,2021-07-05 01:01:54
bike,0,2108.0,4,2021-07-26 19:12:27
bike,0,137.0,4,2021-07-26 19:55:37
bike,0,833.0,4,2021-07-26 14:24:54
bike,0,790.0,4,2021-07-26 15:29:50
bike,0,237.0,4,2021-07-19 16:14:27
bike,0,1871.0,4,2021-07-05 01:12:17
bike,0,1867.0,4,2021-07-26 22:30:42
bike,0,975.0,4,2021-07-19 09:10:28
bike,0,1597.0,4,2021-07-12 17:06:34
bike,0,1366.0,4,2021-07-12 11:51:49
bike,0,164.0,4,2021-07-05 14:47:19
bike,0,230.0,4,2021-07-26 17:24:53
bike,0,1554.0,4,2021-07-26 10:05:14
bike,0,1206.0,4,2021-07-19 22:32:30
bike,0,954.0,4,2021-07-19 08:22:31
bike,0,593.0,4,2021-07-05 11:06:47
bike,0,1875.0,4,2021-07-05 01:12:42
bike,0,270.0,4,2021-07-19 17:47:56
bike,0,774.0,4,2021-07-12 13:01:48
bike,0,140.0,4,2021-07-05 07:53:45
bike,0,1084.0,4,2021-07-05 19:49:25
bike,0,1139.0,4,2021-07-05 12:32:42
bike,0,1891.0,4,2021-07-05 16:43:35
bike,0,1770.0,4,2021-07-19 08:13:50
bike,0,1338.0,4,2021-07-05 07:26:41
bike,0,1016.0,4,2021-07-26 22:52:36
bike,0,835.0,4,2021-07-05 17:32:17
bike,0,534.0,4,2021-07-05 14:21:39
bike,0,459.0,4,2021-07-26 13:07:49
bike,0,552.0,4,2021-07-26 16:00:50
bike,0,1358.0,4,2021-07-12 14:36:05
bike,0,708.0,4,2021-07-26 09:44:58
bike,0,229.0,4,2021-07-12 13:39:43
bike,0,474.0,4,2021-07-26 16:54:24
bike,0,3629.0,4,2021-07-26 07:26:34
bike,0,432.0,4,2021-07-12 20:30:49
bike,0,817.0,4,2021-07-19 23:32:32
bike,0,2180.0,4,2021-07-05 06:43:27
bike,0,393.0,4,2021-07-19 17:57:04
bike,0,332.0,4,2021-07-19 14:41:39
bike,0,347.0,4,2021-07-26 18:18:40
bike,0,441.0,4,2021-07-12 09:56:37
bike,0,643.0,4,2021-07-26 14:17:42
bike,0,437.0,4,2021-07-05 17:33:31
bike,0,1080.0,4,2021-07-12 12:34:54
bike,0,311.0,4,2021-07-12 19:44:16
bike,0,611.0,4,2021-07-19 06:38:41
bike,0,978.0,4,2021-07-26 10:45:47
bike,0,538.0,4,2021-07-26 16:52:50
bike,0,429.0,4,2021-07-12 20:30:47
bike,0,521.0,4,2021-07-05 13:59:37
bike,0,402.0,4,2021-07-05 12:26:53
bike,0,704.0,4,2021-07-26 17:21:12
bike,0,2527.0,4,2021-07-26 17:16:01
bike,0,658.0,4,2021-07-12 17:45:00
bike,0,257.0,4,2021-07-19 18:31:23
bike,0,886.0,4,2021-07-12 15:19:46
bike,0,288.0,4,2021-07-19 10:09:21
bike,0,246.0,4,2021-07-12 20:46:17
bike,0,856.0,4,2021-07-12 16:06:46
bike,0,164.0,4,2021-07-05 15:07:44
bike,0,1399.0,4,2021-07-12 11:08:33
bike,0,197.0,4,2021-07-12 12:13:41
bike,0,195.0,4,2021-07-12 17:26:56
bike,0,613.0,4,2021-07-19 14:04:38
bike,0,151.0,4,2021-07-26 19:00:43
bike,0,1091.0,4,2021-07-19 06:37:23
bike,0,842.0,4,2021-07-12 21:33:37
bike,0,252.0,4,2021-07-26 15:46:37
bike,0,106.0,4,2021-07-19 19:54:50
bike,0,614.0,4,2021-07-26 07:48:43
bike,0,272.0,4,2021-07-26 16:14:43
bike,0,163.0,4,2021-07-26 13:38:10
bike,0,708.0,4,2021-07-26 06:42:21
bike,0,1231.0,4,2021-07-12 08:19:14
bike,0,970.0,4,2021-07-26 09:54:44
bike,0,1426.0,4,2021-07-26 07:37:14
bike,0,264.0,4,2021-07-26 09:31:34
bike,0,274.0,4,2021-07-19 12:46:15
bike,0,159.0,4,2021-07-05 14:11:12
bike,0,517.0,4,2021-07-12 16:16:14
bike,0,242.0,4,2021-07-19 14:33:41
bike,0,378.0,4,2021-07-19 08:47:29
bike,0,284.0,4,2021-07-05 08:32:32
bike,0,872.0,4,2021-07-05 20:16:43
bike,0,345.0,4,2021-07-26 08:24:01
bike,0,255.0,4,2021-07-12 08:34:41
bike,0,1110.0,4,2021-07-19 18:30:41
bike,0,379.0,4,2021-07-05 16:40:02
bike,0,1675.0,4,2021-07-19 09:21:25
bike,0,575.0,4,2021-07-05 18:44:31
bike,0,577.0,4,2021-07-19 07:33:32
bike,0,797.0,4,2021-07-26 09:15:57
bike,0,1023.0,4,2021-07-19 19:45:37
bike,0,218.0,4,2021-07-12 06:20:19
bike,0,830.0,4,2021-07-19 14:52:15
bike,0,953.0,4,2021-07-26 10:34:37
bike,0,1171.0,4,2021-07-12 09:22:08
bike,0,1148.0,4,2021-07-19 12:28:04
bike,0,243.0,4,2021-07-12 14:00:32
bike,0,100.0,4,2021-07-19 12:47:33
bike,0,269.0,4,2021-07-12 09:22:44
bike,0,877.0,4,2021-07-12 09:19:58
bike,0,216.0,4,2021-07-26 09:53:32
bike,0,2204.0,4,2021-07-12 16:23:08
bike,0,453.0,4,2021-07-12 15:39:20
bike,0,417.0,4,2021-07-05 14:45:35
bike,0,1297.0,4,2021-07-12 07:42:49
bike,0,244.0,4,2021-07-19 23:20:38
bike,0,794.0,4,2021-07-05 22:27:38
bike,0,348.0,4,2021-07-12 09:43:07
bike,0,245.0,4,2021-07-19 15:50:17
bike,0,529.0,4,2021-07-19 16:59:48
bike,0,321.0,4,2021-07-12 11:30:22
bike,0,73.0,4,2021-07-19 15:56:29
bike,0,228.0,4,2021-07-05 08:12:56
bike,0,578.0,4,2021-07-05 19:41:02
bike,0,284.0,4,2021-07-05 14:43:17
bike,0,346.0,4,2021-07-05 00:56:31
bike,0,205.0,4,2021-07-26 15:41:04
bike,0,76.0,4,2021-07-26 16:45:59
bike,0,212.0,4,2021-07-19 06:20:57
bike,0,270.0,4,2021-07-19 11:26:50
bike,0,763.0,4,2021-07-19 10:41:01
bike,0,426.0,4,2021-07-19 09:58:34
bike,0,420.0,4,2021-07-05 09:44:04
bike,0,227.0,4,2021-07-26 07:46:10
bike,0,222.0,4,2021-07-19 15:29:00
bike,0,1607.0,4,2021-07-12 09:47:48
bike,0,183.0,4,2021-07-05 13:47:29
bike,0,145.0,4,2021-07-05 11:15:14
bike,0,190.0,4,2021-07-05 09:59:16
bike,0,220.0,4,2021-07-26 10:03:15
bike,0,1212.0,4,2021-07-19 17:47:19
bike,0,1084.0,4,2021-07-12 13:10:16
bike,0,936.0,4,2021-07-05 15:03:47
bike,0,1416.0,4,2021-07-19 20:27:46
bike,0,181.0,4,2021-07-05 18:38:03
bike,0,158.0,4,2021-07-26 07:23:59
bike,0,148.0,4,2021-07-26 09:42:54
bike,0,226.0,4,2021-07-12 16:08:00
bike,0,1519.0,4,2021-07-26 20:12:41
bike,0,281.0,4,2021-07-05 18:21:52
bike,0,658.0,4,2021-07-12 15:52:00
bike,0,171.0,4,2021-07-05 13:28:22
bike,0,270.0,4,2021-07-19 20:49:12
bike,0,368.0,4,2021-07-19 16:49:05
bike,0,114.0,4,2021-07-26 19:20:45
bike,0,305.0,4,2021-07-05 16:08:38
bike,0,253.0,4,2021-07-05 16:09:49
bike,0,260.0,4,2021-07-05 10:03:37
bike,0,210.0,4,2021-07-26 08:40:51
bike,0,227.0,4,2021-07-05 13:46:29
bike,0,205.0,4,2021-07-26 20:32:26
bike,0,179.0,4,2021-07-05 07:54:26
bike,0,141.0,4,2021-07-12 17:35:57
bike,0,160.0,4,2021-07-12 12:54:31
bike,0,289.0,4,2021-07-05 12:20:11
bike,0,559.0,4,2021-07-12 11:53:51
bike,0,228.0,4,2021-07-12 23:39:23
bike,0,138.0,4,2021-07-26 09:59:16
bike,0,214.0,4,2021-07-12 11:07:20
bike,0,259.0,4,2021-07-05 13:03:14
bike,0,463.0,4,2021-07-26 16:29:30
bike,0,4352.0,4,2021-07-05 21:10:27
bike,0,1627.0,4,2021-07-19 13:25:30
bike,0,50.0,4,2021-07-19 14:41:41
bike,0,381.0,4,2021-07-12 14:31:07
bike,0,1109.0,4,2021-07-26 18:26:31
bike,0,243.0,4,2021-07-26 20:51:00
bike,0,267.0,4,2021-07-19 09:42:56
bike,0,312.0,4,2021-07-19 08:44:03
bike,0,365.0,4,2021-07-12 21:40:20
bike,0,83.0,4,2021-07-19 16:10:30
bike,0,121.0,4,2021-07-05 18:36:46
bike,0,359.0,4,2021-07-26 23:50:17
bike,0,218.0,4,2021-07-12 16:56:08
bike,0,161.0,4,2021-07-26 11:05:05
bike,0,181.0,4,2021-07-12 14:15:24
bike,0,258.0,4,2021-07-12 08:20:04
bike,0,191.0,4,2021-07-12 16:42:43
bike,0,905.0,4,2021-07-19 10:13:24
bike,0,225.0,4,2021-07-12 19:19:24
bike,0,562.0,4,2021-07-12 07:08:49
bike,0,195.0,4,2021-07-05 16:45:47
bike,0,199.0,4,2021-07-19 17:16:31
bike,0,119.0,4,2021-07-19 11:16:58
bike,0,192.0,4,2021-07-19 21:07:29
bike,0,150.0,4,2021-07-05 17:34:28
bike,0,175.0,4,2021-07-26 09:35:33
bike,0,355.0,4,2021-07-05 20:09:13
bike,0,276.0,4,2021-07-12 14:00:58
bike,0,220.0,4,2021-07-05 16:53:03
bike,0,183.0,4,2021-07-26 08:53:17
bike,0,210.0,4,2021-07-05 12:00:30
bike,0,155.0,4,2021-07-05 10:33:54
bike,0,3239.0,4,2021-07-26 20:08:25
bike,0,137.0,4,2021-07-05 11:42:10
bike,0,457.0,4,2021-07-12 07:35:26
bike,0,165.0,4,2021-07-12 10:51:02
bike,0,313.0,4,2021-07-19 12:44:27
bike,0,439.0,4,2021-07-12 07:36:03
bike,0,260.0,4,2021-07-19 14:44:40
bike,0,191.0,4,2021-07-19 11:06:38
bike,0,207.0,4,2021-07-26 13:15:31
bike,0,199.0,4,2021-07-05 16:04:08
bike,0,1655.0,4,2021-07-05 08:17:53
bike,0,252.0,4,2021-07-05 13:46:15
bike,0,141.0,4,2021-07-19 16:46:23
bike,0,230.0,4,2021-07-05 00:14:45
bike,0,81.0,4,2021-07-26 16:37:41
bike,0,153.0,4,2021-07-26 18:07:28
bike,0,295.0,4,2021-07-19 19:34:42
bike,0,1292.0,4,2021-07-26 20:38:38
bike,0,148.0,4,2021-07-12 11:37:07
bike,0,1174.0,4,2021-07-05 12:25:17
bike,0,1138.0,4,2021-07-05 12:25:51
bike,0,3796.0,4,2021-07-19 19:24:30
bike,0,582.0,4,2021-07-05 22:07:02
bike,0,923.0,4,2021-07-26 10:47:09
bike,0,2651.0,4,2021-07-19 17:51:58
bike,0,737.0,4,2021-07-26 03:05:28
bike,0,1412.0,4,2021-07-19 10:01:41
bike,0,822.0,4,2021-07-19 19:21:22
bike,0,482.0,4,2021-07-26 10:43:09
bike,0,310.0,4,2021-07-26 17:12:29
bike,0,263.0,4,2021-07-26 15:35:09
bike,0,1370.0,4,2021-07-12 10:42:06
bike,0,301.0,4,2021-07-12 17:45:25
bike,0,2348.0,4,2021-07-12 17:54:49
bike,0,573.0,4,2021-07-05 14:02:20
bike,0,602.0,4,2021-07-05 08:12:28
bike,0,299.0,4,2021-07-19 05:15:37
bike,0,1747.0,4,2021-07-26 09:10:43
bike,0,1158.0,4,2021-07-26 14:50:41
bike,0,1226.0,4,2021-07-05 17:30:04
bike,0,2283.0,4,2021-07-05 07:27:57
bike,0,757.0,4,2021-07-05 22:22:59
bike,0,5972.0,4,2021-07-05 20:11:57
bike,0,613.0,4,2021-07-26 00:41:23
bike,0,692.0,4,2021-07-12 14:20:34
bike,0,879.0,4,2021-07-19 16:59:31
bike,0,826.0,4,2021-07-12 17:43:45
bike,0,656.0,4,2021-07-19 13:14:52
bike,0,380.0,4,2021-07-19 21:49:54
bike,0,415.0,4,2021-07-05 22:08:21
bike,0,589.0,4,2021-07-12 18:39:16
bike,0,531.0,4,2021-07-26 09:09:51
bike,0,644.0,4,2021-07-19 07:16:13
bike,0,900.0,4,2021-07-26 07:19:49
bike,0,683.0,4,2021-07-12 07:10:55
bike,0,750.0,4,2021-07-26 07:10:05
bike,0,900.0,4,2021-07-19 08:06:12
bike,0,930.0,4,2021-07-26 08:02:44
bike,0,983.0,4,2021-07-26 09:27:33
bike,0,857.0,4,2021-07-05 20:07:41
bike,0,1166.0,4,2021-07-19 22:33:50
bike,0,941.0,4,2021-07-12 20:54:06
bike,0,1002.0,4,2021-07-12 09:05:10
bike,0,916.0,4,2021-07-12 09:37:20
bike,0,1026.0,4,2021-07-26 15:02:24
bike,0,778.0,4,2021-07-05 20:09:05
bike,0,648.0,4,2021-07-05 07:11:21
bike,0,587.0,4,2021-07-26 14:14:49
bike,0,1206.0,4,2021-07-05 05:39:36
bike,0,1250.0,4,2021-07-19 19:15:07
bike,0,983.0,4,2021-07-26 05:47:50
bike,0,1015.0,4,2021-07-19 08:44:54
bike,0,643.0,4,2021-07-05 20:33:15
bike,0,634.0,4,2021-07-26 08:56:38
bike,0,1385.0,4,2021-07-12 08:30:57
bike,0,1329.0,4,2021-07-19 09:28:50
bike,0,3307.0,4,2021-07-05 12:38:51
bike,0,2775.0,4,2021-07-05 11:08:02
bike,0,1945.0,4,2021-07-19 18:48:40
bike,0,1091.0,4,2021-07-26 09:14:49
bike,0,2063.0,4,2021-07-19 19:07:23
bike,0,1366.0,4,2021-07-19 02:44:51
bike,0,1410.0,4,2021-07-05 12:27:10
bike,0,1937.0,4,2021-07-26 00:41:39
bike,0,373.0,4,2021-07-26 20:49:55
bike,0,257.0,4,2021-07-05 16:18:50
bike,0,262.0,4,2021-07-05 12:15:33
bike,0,302.0,4,2021-07-26 19:29:59
bike,0,411.0,4,2021-07-26 06:48:38
bike,0,363.0,4,2021-07-26 14:30:34
bike,0,311.0,4,2021-07-19 09:22:42
bike,0,402.0,4,2021-07-12 11:23:10
bike,0,337.0,4,2021-07-05 12:33:50
bike,0,743.0,4,2021-07-19 16:55:24
bike,0,533.0,4,2021-07-05 10:25:06
bike,0,623.0,4,2021-07-05 14:08:43
bike,0,651.0,4,2021-07-12 16:08:45
bike,0,365.0,4,2021-07-19 08:36:05
bike,0,464.0,4,2021-07-26 10:23:37
bike,0,885.0,4,2021-07-26 12:46:06
bike,0,697.0,4,2021-07-19 12:44:39
bike,0,2422.0,4,2021-07-26 17:05:11
bike,0,1405.0,4,2021-07-12 21:17:37
bike,0,1508.0,4,2021-07-19 10:14:46
bike,0,495.0,4,2021-07-12 09:09:27
bike,0,489.0,4,2021-07-19 09:53:11
bike,0,511.0,4,2021-07-26 08:39:14
bike,0,670.0,4,2021-07-05 14:15:53
bike,0,806.0,4,2021-07-12 17:58:15
bike,0,678.0,4,2021-07-26 14:02:11
bike,0,1929.0,4,2021-07-12 12:54:53
bike,0,926.0,4,2021-07-19 11:38:03
bike,0,626.0,4,2021-07-12 19:01:45
bike,0,538.0,4,2021-07-19 15:04:18
bike,0,400.0,4,2021-07-05 10:56:28
bike,0,166.0,4,2021-07-05 20:30:24
bike,0,495.0,4,2021-07-12 08:15:06
bike,0,302.0,4,2021-07-19 11:27:14
bike,0,854.0,4,2021-07-19 20:51:25
bike,0,649.0,4,2021-07-26 12:49:39
bike,0,348.0,4,2021-07-26 06:59:05
bike,0,472.0,4,2021-07-19 00:52:37
bike,0,314.0,4,2021-07-05 17:40:17
bike,0,421.0,4,2021-07-05 18:51:14
bike,0,1267.0,4,2021-07-26 19:19:06
bike,0,531.0,4,2021-07-19 07:33:12
bike,0,462.0,4,2021-07-19 14:48:16
bike,0,289.0,4,2021-07-12 18:22:35
bike,0,338.0,4,2021-07-26 10:06:46
bike,0,854.0,4,2021-07-05 15:54:06
bike,0,577.0,4,2021-07-26 07:49:07
bike,0,613.0,4,2021-07-26 19:43:50
bike,0,394.0,4,2021-07-12 17:35:01
bike,0,334.0,4,2021-07-12 09:42:27
bike,0,680.0,4,2021-07-12 20:12:12
bike,0,287.0,4,2021-07-26 14:08:51
bike,0,306.0,4,2021-07-19 20:05:47
bike,0,638.0,4,2021-07-12 14:02:52
bike,0,431.0,4,2021-07-26 09:01:32
bike,0,664.0,4,2021-07-19 10:34:25
bike,0,687.0,4,2021-07-19 13:07:29
bike,0,579.0,4,2021-07-19 10:02:03
bike,0,646.0,4,2021-07-19 17:36:59
bike,0,331.0,4,2021-07-12 19:37:26
bike,0,617.0,4,2021-07-05 18:35:46
bike,0,628.0,4,2021-07-26 13:57:14
bike,0,531.0,4,2021-07-19 20:06:07
bike,0,583.0,4,2021-07-26 19:44:48
bike,0,442.0,4,2021-07-19 19:09:39
bike,0,434.0,4,2021-07-19 10:16:33
bike,0,408.0,4,2021-07-12 13:45:54
bike,0,1062.0,4,2021-07-19 07:29:37
bike,0,814.0,4,2021-07-12 16:31:29
bike,0,1341.0,4,2021-07-26 13:11:45
bike,0,663.0,4,2021-07-05 10:38:03
bike,0,1096.0,4,2021-07-05 16:06:48
bike,0,870.0,4,2021-07-05 11:45:31
bike,0,3445.0,4,2021-07-05 01:43:35
bike,0,1244.0,4,2021-07-05 20:51:42
bike,0,765.0,4,2021-07-05 12:41:56
bike,0,790.0,4,2021-07-19 16:05:32
bike,0,1171.0,4,2021-07-26 07:35:27
bike,0,618.0,4,2021-07-26 08:03:06
bike,0,666.0,4,2021-07-05 09:45:27
bike,0,526.0,4,2021-07-19 17:14:52
bike,0,1028.0,4,2021-07-05 20:56:12
bike,0,540.0,4,2021-07-26 08:31:02
bike,0,555.0,4,2021-07-26 18:12:31
bike,0,1099.0,4,2021-07-12 11:16:46
bike,0,520.0,4,2021-07-12 08:03:53
bike,0,657.0,4,2021-07-19 09:04:36
bike,0,509.0,4,2021-07-19 10:09:57
bike,0,523.0,4,2021-07-26 17:55:30
bike,0,741.0,4,2021-07-05 17:56:47
bike,0,574.0,4,2021-07-12 08:17:38
bike,0,528.0,4,2021-07-12 08:25:34
bike,0,805.0,4,2021-07-12 12:20:28
bike,0,461.0,4,2021-07-19 08:24:52
bike,0,1033.0,4,2021-07-05 15:26:08
bike,0,595.0,4,2021-07-05 19:45:50
bike,0,708.0,4,2021-07-19 09:52:51
bike,0,602.0,4,2021-07-05 09:30:46
bike,0,590.0,4,2021-07-26 07:29:03
bike,0,776.0,4,2021-07-05 23:51:10
bike,0,489.0,4,2021-07-05 22:41:44
bike,0,1037.0,4,2021-07-19 10:45:30
bike,0,1245.0,4,2021-07-12 11:21:08
bike,0,1404.0,4,2021-07-05 23:40:27
bike,0,830.0,4,2021-07-26 16:18:26
bike,0,414.0,4,2021-07-19 12:49:13
bike,0,758.0,4,2021-07-05 22:22:25
bike,0,1324.0,4,2021-07-12 11:25:20
bike,0,641.0,4,2021-07-19 17:54:31
bike,0,750.0,4,2021-07-05 09:53:39
bike,0,559.0,4,2021-07-05 17:48:28
bike,0,580.0,4,2021-07-19 08:59:19
bike,0,141.0,4,2021-07-19 09:39:16
bike,0,165.0,4,2021-07-26 22:30:28
bike,0,161.0,4,2021-07-26 15:37:48
bike,0,207.0,4,2021-07-26 20:55:14
bike,0,192.0,4,2021-07-26 13:17:12
bike,0,2459.0,4,2021-07-26 19:22:30
bike,0,160.0,4,2021-07-19 14:42:40
bike,0,215.0,4,2021-07-19 08:38:56
bike,0,153.0,4,2021-07-19 12:03:11
bike,0,122.0,4,2021-07-05 21:02:43
bike,0,141.0,4,2021-07-05 21:02:39
bike,0,3143.0,4,2021-07-05 19:11:17
bike,0,221.0,4,2021-07-26 07:16:06
bike,0,163.0,4,2021-07-26 08:45:06
bike,0,2828.0,4,2021-07-05 00:40:32
bike,0,129.0,4,2021-07-05 15:03:21
bike,0,130.0,4,2021-07-19 16:30:25
bike,0,140.0,4,2021-07-19 07:09:45
bike,0,144.0,4,2021-07-05 21:02:47
bike,0,97.0,4,2021-07-05 11:53:28
bike,0,343.0,4,2021-07-12 18:40:45
bike,0,110.0,4,2021-07-19 17:08:22
bike,0,186.0,4,2021-07-19 06:05:57
bike,0,143.0,4,2021-07-26 10:40:54
bike,0,177.0,4,2021-07-19 09:31:18
bike,0,124.0,4,2021-07-12 09:20:19
bike,0,363.0,4,2021-07-12 10:50:33
bike,0,331.0,4,2021-07-26 07:12:05
bike,0,97.0,4,2021-07-19 22:30:49
bike,0,153.0,4,2021-07-26 08:56:40
bike,0,126.0,4,2021-07-12 10:23:22
bike,0,144.0,4,2021-07-12 19:32:23
bike,0,139.0,4,2021-07-12 08:59:31
bike,0,203.0,4,2021-07-26 17:39:51
bike,0,143.0,4,2021-07-19 19:33:31
bike,0,151.0,4,2021-07-19 09:35:48
bike,0,322.0,4,2021-07-26 14:54:19
bike,0,331.0,4,2021-07-26 11:52:31
bike,0,586.0,4,2021-07-19 15:05:35
bike,0,205.0,4,2021-07-05 19:13:52
bike,0,219.0,4,2021-07-12 20:19:38
bike,0,103.0,4,2021-07-12 06:28:30
bike,0,106.0,4,2021-07-19 12:59:38
bike,0,675.0,4,2021-07-19 09:48:26
bike,0,711.0,4,2021-07-05 08:40:14
bike,0,214.0,4,2021-07-19 10:58:13
bike,0,91.0,4,2021-07-05 19:23:19
bike,0,257.0,4,2021-07-19 09:42:54
bike,0,298.0,4,2021-07-26 07:37:07
bike,0,205.0,4,2021-07-12 08:46:07
bike,0,1549.0,4,2021-07-12 12:55:28
bike,0,664.0,4,2021-07-19 19:08:56
bike,0,543.0,4,2021-07-26 06:54:13
bike,0,1186.0,4,2021-07-19 16:06:59
bike,0,309.0,4,2021-07-05 17:24:48
bike,0,310.0,4,2021-07-05 13:52:04
bike,0,665.0,4,2021-07-19 18:45:18
bike,0,619.0,4,2021-07-26 13:03:59
bike,0,568.0,4,2021-07-05 16:52:56
bike,0,3.0,4,2021-07-05 09:12:03
bike,0,4084.0,4,2021-07-26 06:55:54
bike,0,283.0,4,2021-07-19 08:18:19
bike,0,1692.0,4,2021-07-05 01:07:40
bike,0,1964.0,4,2021-07-19 17:53:25
bike,0,10.0,4,2021-07-05 13:05:24
bike,0,891.0,4,2021-07-05 13:22:54
bike,0,130.0,4,2021-07-12 13:50:03
bike,0,1597.0,4,2021-07-12 20:46:31
bike,0,301.0,4,2021-07-19 19:21:21
bike,0,298.0,4,2021-07-12 17:23:52
bike,0,1842.0,4,2021-07-26 11:06:49
bike,0,595.0,4,2021-07-19 08:58:54
bike,0,3.0,4,2021-07-19 07:35:34
bike,0,936.0,4,2021-07-05 17:41:14
bike,0,1660.0,4,2021-07-05 01:08:45
bike,0,2723.0,4,2021-07-12 08:24:59
bike,0,2002.0,4,2021-07-26 08:47:24
bike,0,18.0,4,2021-07-12 08:57:10
bike,0,313.0,4,2021-07-26 16:39:37
bike,0,196.0,4,2021-07-05 14:55:01
bike,0,996.0,4,2021-07-19 11:36:50
bike,0,258.0,4,2021-07-26 10:45:27
bike,0,346.0,4,2021-07-26 05:52:44
bike,0,201.0,4,2021-07-12 15:39:07
bike,0,312.0,4,2021-07-12 12:22:01
bike,0,13121.0,4,2021-07-19 12:22:07
bike,0,395.0,4,2021-07-26 21:39:16
bike,0,2782.0,4,2021-07-12 19:27:10
bike,0,242.0,4,2021-07-12 06:34:31
bike,0,128.0,4,2021-07-12 13:19:56
bike,0,342.0,4,2021-07-19 07:33:51
bike,0,353.0,4,2021-07-12 07:36:40
bike,0,2604.0,4,2021-07-19 18:29:51
bike,0,766.0,4,2021-07-05 14:57:39
bike,0,373.0,4,2021-07-05 18:19:57
bike,0,1322.0,4,2021-07-19 11:00:21
bike,0,167.0,4,2021-07-26 19:20:47
bike,0,236.0,4,2021-07-05 10:51:08
bike,0,285.0,4,2021-07-19 18:10:40
bike,0,578.0,4,2021-07-19 18:00:27
bike,0,990.0,4,2021-07-12 12:36:46
bike,0,225.0,4,2021-07-05 16:11:18
bike,0,314.0,4,2021-07-19 08:48:08
bike,0,893.0,4,2021-07-05 16:20:25
bike,0,3738.0,4,2021-07-26 20:55:36
bike,0,225.0,4,2021-07-19 15:13:46
bike,0,1005.0,4,2021-07-19 12:59:35
bike,0,896.0,4,2021-07-19 17:45:10
bike,0,2474.0,4,2021-07-05 18:34:59
bike,0,303.0,4,2021-07-05 15:49:53
bike,0,2537.0,4,2021-07-05 18:47:31
bike,0,157.0,4,2021-07-26 15:18:53
bike,0,2684.0,4,2021-07-12 19:29:01
bike,0,1189.0,4,2021-07-12 19:08:03
bike,0,821.0,4,2021-07-12 09:34:39
bike,0,2894.0,4,2021-07-05 01:18:46
bike,0,2995.0,4,2021-07-05 01:17:02
bike,0,747.0,4,2021-07-26 20:13:09
bike,0,480.0,4,2021-07-26 21:30:59
bike,0,2624.0,4,2021-07-05 01:23:55
bike,0,411.0,4,2021-07-26 09:37:13
bike,0,492.0,4,2021-07-12 21:42:16
bike,0,249.0,4,2021-07-19 13:26:39
bike,0,406.0,4,2021-07-12 09:33:18
bike,0,1003.0,4,2021-07-12 09:03:21
bike,0,431.0,4,2021-07-12 19:25:12
bike,0,1146.0,4,2021-07-26 10:13:25
bike,0,1205.0,4,2021-07-05 13:52:47
bike,0,443.0,4,2021-07-05 18:29:03
bike,0,655.0,4,2021-07-26 22:19:40
bike,0,342.0,4,2021-07-26 17:34:09
bike,0,317.0,4,2021-07-19 17:48:30
bike,0,1411.0,4,2021-07-19 01:27:13
bike,0,2242.0,4,2021-07-12 09:49:24
bike,0,310.0,4,2021-07-26 01:35:56
bike,0,1478.0,4,2021-07-05 21:12:17
bike,0,791.0,4,2021-07-19 20:07:20
bike,0,2310.0,4,2021-07-19 17:15:42
bike,0,459.0,4,2021-07-12 16:55:23
bike,0,1303.0,4,2021-07-26 10:51:37
bike,0,403.0,4,2021-07-26 10:16:58
bike,0,614.0,4,2021-07-19 12:28:04
bike,0,10750.0,4,2021-07-05 16:11:09
bike,0,10728.0,4,2021-07-05 16:11:18
bike,0,469.0,4,2021-07-19 17:19:55
bike,0,326.0,4,2021-07-19 20:25:11
bike,0,480.0,4,2021-07-05 12:54:46
bike,0,1439.0,4,2021-07-19 07:28:07
bike,0,608.0,4,2021-07-26 20:41:33
bike,0,446.0,4,2021-07-19 20:13:09
bike,0,1889.0,4,2021-07-26 19:52:19
bike,0,220.0,4,2021-07-26 20:02:48
bike,0,274.0,4,2021-07-26 17:26:09
bike,0,427.0,4,2021-07-26 01:33:44
bike,0,309.0,4,2021-07-26 15:28:36
bike,0,306.0,4,2021-07-19 08:39:18
bike,0,288.0,4,2021-07-19 13:57:42
bike,0,2767.0,4,2021-07-05 13:33:55
bike,0,402.0,4,2021-07-12 21:07:24
bike,0,985.0,4,2021-07-05 00:36:45
bike,0,714.0,4,2021-07-19 20:18:21
bike,0,1025.0,4,2021-07-19 09:04:16
bike,0,328.0,4,2021-07-19 12:36:02
bike,0,359.0,4,2021-07-12 12:50:50
bike,0,438.0,4,2021-07-12 14:48:58
bike,0,351.0,4,2021-07-26 12:56:31
bike,0,133.0,4,2021-07-05 13:09:12
bike,0,76.0,4,2021-07-26 10:40:03
bike,0,1650.0,4,2021-07-26 21:36:49
bike,0,552.0,4,2021-07-26 17:27:37
bike,0,875.0,4,2021-07-05 14:15:17
bike,0,809.0,4,2021-07-12 13:58:21
bike,0,1096.0,4,2021-07-19 14:18:06
bike,0,73.0,4,2021-07-19 12:44:51
bike,0,1669.0,4,2021-07-26 21:36:41
bike,0,114.0,4,2021-07-12 08:28:17
bike,0,1673.0,4,2021-07-26 21:36:32
bike,0,305.0,4,2021-07-26 18:14:13
bike,0,717.0,4,2021-07-19 10:41:58
bike,0,782.0,4,2021-07-19 12:00:11
bike,0,764.0,4,2021-07-26 07:56:40
bike,0,162.0,4,2021-07-05 19:33:23
bike,0,735.0,4,2021-07-26 08:51:14
bike,0,574.0,4,2021-07-12 09:55:39
bike,0,646.0,4,2021-07-19 08:50:58
bike,0,1301.0,4,2021-07-19 14:54:12
bike,0,1581.0,4,2021-07-12 11:34:57
bike,0,169.0,4,2021-07-05 13:17:53
bike,0,278.0,4,2021-07-12 14:29:18
bike,0,456.0,4,2021-07-19 08:55:01
bike,0,195.0,4,2021-07-19 13:47:58
bike,0,130.0,4,2021-07-05 19:20:53
bike,0,463.0,4,2021-07-19 00:16:46
bike,0,283.0,4,2021-07-19 10:40:00
bike,0,374.0,4,2021-07-26 11:27:00
bike,0,331.0,4,2021-07-19 17:32:53
bike,0,1216.0,4,2021-07-05 20:05:24
bike,0,434.0,4,2021-07-26 00:06:18
bike,0,245.0,4,2021-07-12 18:12:00
bike,0,443.0,4,2021-07-12 10:32:43
bike,0,1047.0,4,2021-07-26 06:21:33
bike,0,422.0,4,2021-07-26 12:44:31
bike,0,300.0,4,2021-07-12 19:44:23
bike,0,278.0,4,2021-07-05 07:51:31
bike,0,390.0,4,2021-07-26 21:20:35
bike,0,1265.0,4,2021-07-12 19:12:25
bike,0,993.0,4,2021-07-19 22:37:15
bike,0,667.0,4,2021-07-19 17:14:09
bike,0,445.0,4,2021-07-26 20:22:16
bike,0,848.0,4,2021-07-19 13:43:45
bike,0,762.0,4,2021-07-26 08:56:35
bike,0,468.0,4,2021-07-19 18:12:41
bike,0,524.0,4,2021-07-26 08:07:04
bike,0,2325.0,4,2021-07-12 17:42:39
bike,0,484.0,4,2021-07-19 17:23:08
bike,0,531.0,4,2021-07-19 18:19:27
bike,0,718.0,4,2021-07-05 19:26:22
bike,0,976.0,4,2021-07-19 18:05:31
bike,0,509.0,4,2021-07-19 07:46:03
bike,0,2187.0,4,2021-07-12 14:24:56
bike,0,480.0,4,2021-07-05 10:02:54
bike,0,662.0,4,2021-07-12 16:03:26
bike,0,284.0,4,2021-07-05 18:43:15
bike,0,2249.0,4,2021-07-12 17:44:04
bike,0,367.0,4,2021-07-05 17:56:27
bike,0,576.0,4,2021-07-05 18:18:08
bike,0,545.0,4,2021-07-12 10:26:04
bike,0,315.0,4,2021-07-26 09:40:40
bike,0,777.0,4,2021-07-19 22:00:54
bike,0,158.0,4,2021-07-05 14:45:22
bike,0,1876.0,4,2021-07-19 16:42:18
bike,0,1035.0,4,2021-07-19 19:45:49
bike,0,624.0,4,2021-07-26 13:13:49
bike,0,328.0,4,2021-07-12 12:55:24
bike,0,558.0,4,2021-07-19 19:48:46
bike,0,1228.0,4,2021-07-05 16:47:25
bike,0,680.0,4,2021-07-05 19:10:04
bike,0,179.0,4,2021-07-12 17:33:52
bike,0,1614.0,4,2021-07-26 17:21:12
bike,0,305.0,4,2021-07-19 13:12:13
bike,0,748.0,4,2021-07-19 17:31:46
bike,0,833.0,4,2021-07-26 17:06:52
bike,0,658.0,4,2021-07-12 15:20:37
bike,0,790.0,4,2021-07-05 19:18:30
bike,0,210.0,4,2021-07-05 22:24:33
bike,0,215.0,4,2021-07-19 22:36:51
bike,0,674.0,4,2021-07-05 17:19:05
bike,0,665.0,4,2021-07-26 11:19:54
bike,0,2675.0,4,2021-07-19 22:20:29
bike,0,779.0,4,2021-07-12 22:01:38
bike,0,1190.0,4,2021-07-26 15:38:25
bike,0,1024.0,4,2021-07-19 15:41:00
bike,0,795.0,4,2021-07-26 17:19:25
bike,0,1100.0,4,2021-07-12 15:32:54
bike,0,642.0,4,2021-07-26 09:19:04
bike,0,419.0,4,2021-07-12 19:04:38
bike,0,964.0,4,2021-07-19 10:12:47
bike,0,324.0,4,2021-07-19 19:29:42
bike,0,851.0,4,2021-07-12 17:36:50
bike,0,624.0,4,2021-07-05 19:57:52
bike,0,851.0,4,2021-07-05 00:03:41
bike,0,1275.0,4,2021-07-19 21:47:25
bike,0,832.0,4,2021-07-05 15:11:45
bike,0,587.0,4,2021-07-26 13:45:10
bike,0,425.0,4,2021-07-19 17:01:59
bike,0,683.0,4,2021-07-26 13:29:51
bike,0,1135.0,4,2021-07-12 09:48:19
bike,0,860.0,4,2021-07-26 16:00:28
bike,0,680.0,4,2021-07-12 11:52:08
bike,0,437.0,4,2021-07-05 10:34:43
bike,0,654.0,4,2021-07-12 09:10:21
bike,0,691.0,4,2021-07-26 11:27:01
bike,0,610.0,4,2021-07-12 07:38:33
bike,0,863.0,4,2021-07-05 07:45:44
bike,0,796.0,4,2021-07-05 10:10:00
bike,0,616.0,4,2021-07-26 22:31:41
bike,0,821.0,4,2021-07-19 19:31:44
bike,0,812.0,4,2021-07-05 10:09:44
bike,0,721.0,4,2021-07-05 10:18:35
bike,0,1320.0,4,2021-07-19 08:03:04
bike,0,790.0,4,2021-07-19 09:47:01
bike,0,847.0,4,2021-07-26 07:57:51
bike,0,1225.0,4,2021-07-05 10:08:26
bike,0,708.0,4,2021-07-19 08:26:06
bike,0,990.0,4,2021-07-12 07:21:59
bike,0,745.0,4,2021-07-26 06:50:49
bike,0,649.0,4,2021-07-19 06:52:28
bike,0,773.0,4,2021-07-12 06:53:36
bike,0,688.0,4,2021-07-05 06:54:35
bike,0,570.0,4,2021-07-26 11:34:08
bike,0,968.0,4,2021-07-26 20:31:57
bike,0,665.0,4,2021-07-26 10:04:15
bike,0,770.0,4,2021-07-19 20:29:54
bike,0,983.0,4,2021-07-26 07:27:03
bike,0,721.0,4,2021-07-19 20:30:35
bike,0,1891.0,4,2021-07-12 11:38:40
bike,0,2003.0,4,2021-07-19 02:38:11
bike,0,782.0,4,2021-07-05 19:13:52
bike,0,628.0,4,2021-07-19 20:54:32
bike,0,649.0,4,2021-07-19 09:03:07
bike,0,593.0,4,2021-07-26 10:47:31
bike,0,576.0,4,2021-07-12 17:21:29
bike,0,420.0,4,2021-07-26 17:32:35
bike,0,502.0,4,2021-07-26 12:11:53
bike,0,1609.0,4,2021-07-12 08:28:34
bike,0,1841.0,4,2021-07-19 09:11:53
bike,0,400.0,4,2021-07-05 12:05:39
bike,0,1031.0,4,2021-07-12 23:46:36
bike,0,2189.0,4,2021-07-05 15:54:30
bike,0,270.0,4,2021-07-05 07:33:56
bike,0,273.0,4,2021-07-05 13:07:00
bike,0,304.0,4,2021-07-05 13:07:03
bike,0,292.0,4,2021-07-19 18:19:10
bike,0,302.0,4,2021-07-19 14:37:00
bike,0,308.0,4,2021-07-26 10:44:43
bike,0,879.0,4,2021-07-19 12:08:33
bike,0,897.0,4,2021-07-12 18:59:59
bike,0,921.0,4,2021-07-05 17:09:33
bike,0,309.0,4,2021-07-12 21:15:26
bike,0,296.0,4,2021-07-12 06:52:00
bike,0,341.0,4,2021-07-12 21:15:00
bike,0,326.0,4,2021-07-05 00:12:25
bike,0,577.0,4,2021-07-19 15:13:57
bike,0,532.0,4,2021-07-19 18:27:11
bike,0,798.0,4,2021-07-12 08:35:02
bike,0,732.0,4,2021-07-19 18:15:13
bike,0,334.0,4,2021-07-05 19:05:39
bike,0,302.0,4,2021-07-26 09:32:17
bike,0,340.0,4,2021-07-12 21:54:20
bike,0,321.0,4,2021-07-26 10:44:44
bike,0,263.0,4,2021-07-19 02:59:47
bike,0,740.0,4,2021-07-19 06:45:59
bike,0,303.0,4,2021-07-12 21:54:24
bike,0,225.0,4,2021-07-05 17:32:01
bike,0,186.0,4,2021-07-19 23:04:49
bike,0,193.0,4,2021-07-05 22:37:04
bike,0,1083.0,4,2021-07-05 17:18:24
bike,0,1106.0,4,2021-07-12 16:58:28
bike,0,915.0,4,2021-07-19 18:48:50
bike,0,596.0,4,2021-07-19 16:19:07
bike,0,1946.0,4,2021-07-05 11:58:29
bike,0,906.0,4,2021-07-05 17:38:13
bike,0,2987.0,4,2021-07-26 07:55:11
bike,0,756.0,4,2021-07-12 09:10:16
bike,0,964.0,4,2021-07-26 19:45:44
bike,0,1012.0,4,2021-07-26 10:16:33
bike,0,881.0,4,2021-07-19 20:31:13
bike,0,761.0,4,2021-07-19 14:09:17
bike,0,2880.0,4,2021-07-05 09:22:52
bike,0,1535.0,4,2021-07-05 13:00:06
bike,0,2451.0,4,2021-07-05 09:28:40
bike,0,2961.0,4,2021-07-12 19:24:08
bike,0,929.0,4,2021-07-26 16:19:58
bike,0,1582.0,4,2021-07-19 18:03:35
bike,0,1529.0,4,2021-07-05 13:00:12
bike,0,1180.0,4,2021-07-19 20:06:12
bike,0,2670.0,4,2021-07-12 19:28:49
bike,0,571.0,4,2021-07-26 13:00:49
bike,0,379.0,4,2021-07-26 14:46:23
bike,0,438.0,4,2021-07-05 19:21:33
bike,0,873.0,4,2021-07-19 18:35:12
bike,0,488.0,4,2021-07-12 15:43:29
bike,0,463.0,4,2021-07-12 10:45:42
bike,0,1213.0,4,2021-07-19 14:11:05
bike,0,461.0,4,2021-07-19 19:39:08
bike,0,474.0,4,2021-07-12 05:49:48
bike,0,573.0,4,2021-07-26 08:17:42
bike,0,768.0,4,2021-07-26 08:43:48
bike,0,516.0,4,2021-07-19 14:53:03
bike,0,1092.0,4,2021-07-19 11:11:12
bike,0,422.0,4,2021-07-05 21:50:11
bike,0,481.0,4,2021-07-12 06:46:38
bike,0,652.0,4,2021-07-12 16:33:30
bike,0,590.0,4,2021-07-19 09:36:58
bike,0,967.0,4,2021-07-05 12:04:19
bike,0,1265.0,4,2021-07-12 08:39:10
bike,0,474.0,4,2021-07-05 14:47:11
bike,0,520.0,4,2021-07-12 20:04:37
bike,0,411.0,4,2021-07-26 11:05:42
bike,0,812.0,4,2021-07-12 08:29:37
bike,0,1119.0,4,2021-07-19 11:11:00
bike,0,411.0,4,2021-07-05 18:52:28
bike,0,716.0,4,2021-07-12 08:46:19
bike,0,582.0,4,2021-07-05 14:41:10
bike,0,478.0,4,2021-07-12 18:47:48
bike,0,294.0,4,2021-07-05 17:46:48
bike,0,492.0,4,2021-07-19 19:22:17
bike,0,618.0,4,2021-07-12 18:08:41
bike,0,550.0,4,2021-07-12 04:37:18
bike,0,1660.0,4,2021-07-05 15:25:20
bike,0,621.0,4,2021-07-19 11:53:32
bike,0,393.0,4,2021-07-19 11:34:11
bike,0,466.0,4,2021-07-26 14:05:11
bike,0,1380.0,4,2021-07-12 08:42:05
bike,0,2288.0,4,2021-07-19 13:36:40
bike,0,332.0,4,2021-07-26 06:22:08
bike,0,470.0,4,2021-07-26 14:55:55
bike,0,660.0,4,2021-07-19 15:01:38
bike,0,376.0,4,2021-07-19 14:55:45
bike,0,515.0,4,2021-07-12 20:29:58
bike,0,1689.0,4,2021-07-12 08:09:02
bike,0,1688.0,4,2021-07-05 20:07:03
bike,0,1116.0,4,2021-07-19 22:33:43
bike,0,1432.0,4,2021-07-12 17:54:40
bike,0,231.0,4,2021-07-05 12:35:44
bike,0,223.0,4,2021-07-19 08:35:28
bike,0,386.0,4,2021-07-19 19:55:44
bike,0,281.0,4,2021-07-26 10:28:52
bike,0,3468.0,4,2021-07-05 13:18:10
bike,0,1144.0,4,2021-07-12 21:41:00
bike,0,282.0,4,2021-07-12 07:23:01
bike,0,201.0,4,2021-07-19 12:56:07
bike,0,247.0,4,2021-07-26 09:00:23
bike,0,99.0,4,2021-07-19 17:18:42
bike,0,65.0,4,2021-07-19 06:48:12
bike,0,77.0,4,2021-07-12 13:13:16
bike,0,114.0,4,2021-07-19 19:15:01
bike,0,102.0,4,2021-07-05 16:38:05
bike,0,674.0,4,2021-07-26 11:08:18
bike,0,1005.0,4,2021-07-12 20:07:27
bike,0,1907.0,4,2021-07-19 18:59:53
bike,0,279.0,4,2021-07-05 10:55:37
bike,0,111.0,4,2021-07-26 19:50:35
bike,0,113.0,4,2021-07-26 19:04:34
bike,0,144.0,4,2021-07-05 15:52:33
bike,0,186.0,4,2021-07-05 00:06:34
bike,0,1256.0,4,2021-07-26 20:37:29
bike,0,96.0,4,2021-07-05 14:00:18
bike,0,163.0,4,2021-07-26 07:31:16
bike,0,131.0,4,2021-07-12 14:22:35
bike,0,92.0,4,2021-07-12 13:32:55
bike,0,113.0,4,2021-07-05 14:12:11
bike,0,665.0,4,2021-07-19 15:18:52
bike,0,1320.0,4,2021-07-19 18:02:11
bike,0,508.0,4,2021-07-12 12:40:47
bike,0,693.0,4,2021-07-12 14:02:42
bike,0,62.0,4,2021-07-05 18:28:21
bike,0,168.0,4,2021-07-19 16:12:46
bike,0,91.0,4,2021-07-19 20:42:19
bike,0,174.0,4,2021-07-19 11:10:07
bike,0,383.0,4,2021-07-19 19:34:48
bike,0,1050.0,4,2021-07-19 20:08:05
bike,0,95.0,4,2021-07-12 07:18:04
bike,0,166.0,4,2021-07-26 07:31:04
bike,0,1132.0,4,2021-07-26 09:23:19
bike,0,244.0,4,2021-07-12 11:10:02
bike,0,211.0,4,2021-07-26 15:27:36
bike,0,176.0,4,2021-07-19 17:12:48
bike,0,1025.0,4,2021-07-19 09:37:20
bike,0,670.0,4,2021-07-26 15:27:31
bike,0,656.0,4,2021-07-19 16:54:20
bike,0,344.0,4,2021-07-12 09:46:10
bike,0,1575.0,4,2021-07-19 17:20:23
bike,0,516.0,4,2021-07-05 14:00:10
bike,0,264.0,4,2021-07-19 20:40:15
bike,0,225.0,4,2021-07-26 20:48:13
bike,0,1273.0,4,2021-07-19 17:46:46
bike,0,1329.0,4,2021-07-12 15:32:26
bike,0,1647.0,4,2021-07-05 19:08:31
bike,0,764.0,4,2021-07-12 12:28:32
bike,0,235.0,4,2021-07-05 13:50:05
bike,0,622.0,4,2021-07-26 05:48:28
bike,0,2873.0,4,2021-07-05 19:46:40
bike,0,1004.0,4,2021-07-19 20:05:18
bike,0,803.0,4,2021-07-19 18:13:49
bike,0,1524.0,4,2021-07-05 11:37:33
bike,0,1369.0,4,2021-07-12 10:11:29
bike,0,855.0,4,2021-07-12 10:31:52
bike,0,789.0,4,2021-07-26 10:33:52
bike,0,824.0,4,2021-07-12 08:29:37
bike,0,1632.0,4,2021-07-19 19:41:18
bike,0,957.0,4,2021-07-19 18:23:18
bike,0,667.0,4,2021-07-12 12:28:32
bike,0,937.0,4,2021-07-12 11:05:50
bike,0,901.0,4,2021-07-26 08:18:57
bike,0,1663.0,4,2021-07-26 14:57:25
bike,0,1971.0,4,2021-07-26 17:41:43
bike,0,466.0,4,2021-07-05 10:27:49
bike,0,978.0,4,2021-07-26 17:53:52
bike,0,596.0,4,2021-07-19 07:44:10
bike,0,442.0,4,2021-07-05 09:02:10
bike,0,357.0,4,2021-07-12 08:21:42
bike,0,273.0,4,2021-07-19 08:23:02
bike,0,358.0,4,2021-07-19 18:48:24
bike,0,421.0,4,2021-07-19 06:39:47
bike,0,428.0,4,2021-07-05 22:44:17
bike,0,255.0,4,2021-07-19 17:35:16
bike,0,718.0,4,2021-07-26 07:55:42
bike,0,485.0,4,2021-07-26 14:18:51
bike,0,3278.0,4,2021-07-05 18:41:18
bike,0,1922.0,4,2021-07-26 14:42:23
bike,0,446.0,4,2021-07-19 16:23:54
bike,0,265.0,4,2021-07-12 20:12:54
bike,0,1337.0,4,2021-07-26 10:29:59
bike,0,184.0,4,2021-07-26 18:37:45
bike,0,1568.0,4,2021-07-05 14:55:46
bike,0,886.0,4,2021-07-26 12:53:06
bike,0,327.0,4,2021-07-12 14:42:39
bike,0,1531.0,4,2021-07-19 12:50:38
bike,0,640.0,4,2021-07-26 12:18:49
bike,0,495.0,4,2021-07-05 15:06:39
bike,0,273.0,4,2021-07-12 08:25:03
bike,0,293.0,4,2021-07-26 09:03:36
bike,0,750.0,4,2021-07-12 14:06:48
bike,0,1161.0,4,2021-07-19 17:39:22
bike,0,424.0,4,2021-07-19 17:25:02
bike,0,1027.0,4,2021-07-12 13:30:25
bike,0,1422.0,4,2021-07-05 18:52:10
bike,0,356.0,4,2021-07-26 08:57:09
bike,0,305.0,4,2021-07-05 09:18:23
bike,0,475.0,4,2021-07-12 01:22:18
bike,0,1246.0,4,2021-07-05 17:38:45
bike,0,821.0,4,2021-07-26 08:55:48
bike,0,921.0,4,2021-07-26 08:09:26
bike,0,830.0,4,2021-07-19 08:22:57
bike,0,1041.0,4,2021-07-19 11:38:08
bike,0,555.0,4,2021-07-12 20:31:42
bike,0,460.0,4,2021-07-05 23:05:27
bike,0,498.0,4,2021-07-19 16:16:03
bike,0,497.0,4,2021-07-12 08:41:08
bike,0,3586.0,4,2021-07-26 18:47:09
bike,0,731.0,4,2021-07-12 19:09:42
bike,0,517.0,4,2021-07-26 16:14:07
bike,0,498.0,4,2021-07-12 16:05:16
bike,0,3715.0,4,2021-07-26 18:44:46
bike,0,2662.0,4,2021-07-26 18:06:34
bike,0,1186.0,4,2021-07-19 20:03:28
bike,0,777.0,4,2021-07-26 09:12:19
bike,0,1305.0,4,2021-07-19 19:20:50
bike,0,478.0,4,2021-07-12 13:40:25
bike,0,484.0,4,2021-07-05 09:41:19
bike,0,617.0,4,2021-07-12 07:33:29
bike,0,409.0,4,2021-07-05 23:06:25
bike,0,720.0,4,2021-07-19 11:40:41
bike,0,916.0,4,2021-07-26 09:41:41
bike,0,598.0,4,2021-07-05 04:45:01
bike,0,1556.0,4,2021-07-12 19:47:44
bike,0,834.0,4,2021-07-05 13:20:10
bike,0,719.0,4,2021-07-19 20:39:05
bike,0,672.0,4,2021-07-19 20:39:47
bike,0,922.0,4,2021-07-12 21:28:38
bike,0,735.0,4,2021-07-26 03:10:50
bike,0,677.0,4,2021-07-19 04:22:40
bike,0,679.0,4,2021-07-12 03:54:16
bike,0,1296.0,4,2021-07-19 07:46:07
bike,0,907.0,4,2021-07-12 21:28:48
bike,0,1374.0,4,2021-07-26 17:55:09
bike,0,1855.0,4,2021-07-26 19:48:38
bike,0,1232.0,4,2021-07-26 08:49:58
bike,0,1413.0,4,2021-07-19 13:27:31
bike,0,585.0,4,2021-07-19 14:40:23
bike,0,773.0,4,2021-07-19 08:57:07
bike,0,639.0,4,2021-07-12 00:13:17
bike,0,1275.0,4,2021-07-19 14:33:28
bike,0,871.0,4,2021-07-12 21:32:34
bike,0,592.0,4,2021-07-12 05:42:05
bike,0,857.0,4,2021-07-12 21:33:15
bike,0,1091.0,4,2021-07-12 06:36:49
bike,0,1179.0,4,2021-07-12 16:02:39
bike,0,36.0,4,2021-07-26 12:49:00
bike,0,626.0,4,2021-07-05 11:04:54
bike,0,33.0,4,2021-07-19 17:07:15
bike,0,39.0,4,2021-07-26 13:34:37
bike,0,670.0,4,2021-07-12 17:31:12
bike,0,402.0,4,2021-07-19 16:45:15
bike,0,531.0,4,2021-07-19 18:41:20
bike,0,1022.0,4,2021-07-26 10:19:56
bike,0,488.0,4,2021-07-19 08:20:26
bike,0,1273.0,4,2021-07-26 12:51:13
bike,0,531.0,4,2021-07-05 11:49:14
bike,0,32.0,4,2021-07-26 13:15:57
bike,0,34.0,4,2021-07-26 13:14:56
bike,0,603.0,4,2021-07-19 09:53:03
bike,0,596.0,4,2021-07-12 10:23:14
bike,0,110.0,4,2021-07-05 23:51:44
bike,0,25.0,4,2021-07-19 20:24:27
bike,0,546.0,4,2021-07-26 11:10:16
bike,0,582.0,4,2021-07-12 23:19:13
bike,0,575.0,4,2021-07-26 22:55:04
bike,0,364.0,4,2021-07-12 16:29:43
bike,0,262.0,4,2021-07-05 22:13:39
bike,0,952.0,4,2021-07-12 21:05:33
bike,0,380.0,4,2021-07-12 06:28:16
bike,0,1418.0,4,2021-07-19 17:13:11
bike,0,1942.0,4,2021-07-05 19:50:09
bike,0,212.0,4,2021-07-26 16:15:48
bike,0,1448.0,4,2021-07-12 16:35:19
bike,0,582.0,4,2021-07-19 18:59:10
bike,0,1627.0,4,2021-07-19 18:48:02
bike,0,65.0,4,2021-07-05 01:01:15
bike,0,3193.0,4,2021-07-26 18:15:34
bike,0,631.0,4,2021-07-19 18:09:14
bike,0,33.0,4,2021-07-26 13:19:37
bike,0,36.0,4,2021-07-26 12:41:13
bike,0,747.0,4,2021-07-26 08:52:27
bike,0,10.0,4,2021-07-26 20:17:40
bike,0,109.0,4,2021-07-26 14:44:07
bike,0,501.0,4,2021-07-19 08:40:04
bike,0,130.0,4,2021-07-26 18:24:40
bike,0,128.0,4,2021-07-19 18:23:51
bike,0,1132.0,4,2021-07-12 11:01:35
bike,0,260.0,4,2021-07-12 20:46:10
bike,0,626.0,4,2021-07-19 22:40:47
bike,0,501.0,4,2021-07-26 15:21:37
bike,0,170.0,4,2021-07-05 19:08:08
bike,0,794.0,4,2021-07-19 20:15:07
bike,0,1032.0,4,2021-07-26 09:06:25
bike,0,452.0,4,2021-07-05 17:35:50
bike,0,76.0,4,2021-07-19 22:29:01
bike,0,690.0,4,2021-07-05 18:27:05
bike,0,5.0,4,2021-07-26 13:29:27
bike,0,788.0,4,2021-07-05 19:15:33
bike,0,846.0,4,2021-07-12 10:36:36
bike,0,152.0,4,2021-07-26 17:51:48
bike,0,118.0,4,2021-07-12 08:55:03
bike,0,740.0,4,2021-07-26 10:06:14
bike,0,9.0,4,2021-07-05 09:32:23
bike,0,237.0,4,2021-07-26 16:32:52
bike,0,3.0,4,2021-07-05 09:32:54
bike,0,686.0,4,2021-07-12 09:31:00
bike,0,689.0,4,2021-07-05 09:48:26
bike,0,13.0,4,2021-07-19 14:06:52
bike,0,488.0,4,2021-07-19 11:06:20
bike,0,503.0,4,2021-07-12 10:51:35
bike,0,184.0,4,2021-07-26 13:11:17
bike,0,1230.0,4,2021-07-12 19:47:44
bike,0,54.0,4,2021-07-12 23:19:42
bike,0,932.0,4,2021-07-12 21:05:44
bike,0,1493.0,4,2021-07-12 06:48:43
bike,0,30.0,4,2021-07-05 14:52:57
bike,0,5.0,4,2021-07-05 01:02:03
bike,0,32.0,4,2021-07-05 16:24:14
bike,0,688.0,4,2021-07-19 06:45:50
bike,0,402.0,4,2021-07-26 22:04:35
bike,0,546.0,4,2021-07-05 20:41:17
bike,0,942.0,4,2021-07-19 19:10:02
bike,0,620.0,4,2021-07-05 10:03:58
bike,0,197.0,4,2021-07-12 14:37:25
bike,0,369.0,4,2021-07-19 20:25:00
bike,0,1959.0,4,2021-07-05 12:03:26
bike,0,658.0,4,2021-07-12 18:35:44
bike,0,220.0,4,2021-07-19 14:13:28
bike,0,91.0,4,2021-07-26 21:34:59
bike,0,869.0,4,2021-07-05 14:11:59
bike,0,1864.0,4,2021-07-05 19:13:35
bike,0,1605.0,4,2021-07-05 18:46:36
bike,0,1949.0,4,2021-07-05 19:46:14
bike,0,183.0,4,2021-07-12 19:45:52
bike,0,3.0,4,2021-07-19 00:13:35
bike,0,26.0,4,2021-07-19 19:18:24
bike,0,3692.0,4,2021-07-26 00:15:28
bike,0,2191.0,4,2021-07-19 17:48:59
bike,0,1855.0,4,2021-07-19 17:26:52
bike,0,197.0,4,2021-07-19 19:02:54
bike,0,6.0,4,2021-07-05 12:23:51
bike,0,236.0,4,2021-07-19 18:20:30
bike,0,1359.0,4,2021-07-26 09:30:18
bike,0,860.0,4,2021-07-26 19:03:54
bike,0,733.0,4,2021-07-05 09:22:44
bike,0,919.0,4,2021-07-05 14:12:41
bike,0,1005.0,4,2021-07-05 10:27:46
bike,0,943.0,4,2021-07-26 08:36:43
bike,0,904.0,4,2021-07-05 15:42:19
bike,0,1468.0,4,2021-07-05 00:50:27
bike,0,857.0,4,2021-07-05 01:37:33
bike,0,1655.0,4,2021-07-05 19:02:58
bike,0,1692.0,4,2021-07-05 00:46:33
bike,0,734.0,4,2021-07-05 09:41:01
bike,0,1047.0,4,2021-07-19 14:20:45
bike,0,515.0,4,2021-07-19 18:58:05
bike,0,772.0,4,2021-07-05 20:57:27
bike,0,1945.0,4,2021-07-19 20:18:14
bike,0,930.0,4,2021-07-12 09:52:34
bike,0,901.0,4,2021-07-05 20:55:10
bike,0,954.0,4,2021-07-12 08:53:23
bike,0,663.0,4,2021-07-12 10:55:11
bike,0,386.0,4,2021-07-26 07:49:20
bike,0,139.0,4,2021-07-26 10:16:51
bike,0,1425.0,4,2021-07-26 14:33:09
bike,0,832.0,4,2021-07-05 15:59:06
bike,0,272.0,4,2021-07-19 21:29:11
bike,0,177.0,4,2021-07-26 21:49:26
bike,0,99.0,4,2021-07-19 21:04:23
bike,0,274.0,4,2021-07-26 18:02:33
bike,0,586.0,4,2021-07-12 04:31:29
bike,0,554.0,4,2021-07-12 12:19:37
bike,0,1656.0,4,2021-07-12 16:35:38
bike,0,1013.0,4,2021-07-12 09:04:37
bike,0,1923.0,4,2021-07-26 10:09:45
bike,0,850.0,4,2021-07-19 10:05:47
bike,0,187.0,4,2021-07-12 13:05:17
bike,0,7415.0,4,2021-07-26 00:53:28
bike,0,116.0,4,2021-07-12 09:20:36
bike,0,3411.0,4,2021-07-05 07:30:47
bike,0,2528.0,4,2021-07-05 19:39:38
bike,0,324.0,4,2021-07-26 12:31:50
bike,0,413.0,4,2021-07-19 09:53:42
bike,0,1134.0,4,2021-07-26 16:06:07
bike,0,1013.0,4,2021-07-12 11:18:57
bike,0,1264.0,4,2021-07-05 20:16:39
bike,0,498.0,4,2021-07-05 20:22:09
bike,0,697.0,4,2021-07-05 22:36:45
bike,0,25.0,4,2021-07-12 21:14:48
bike,0,187.0,4,2021-07-05 22:24:04
bike,0,1045.0,4,2021-07-26 09:01:42
bike,0,653.0,4,2021-07-05 13:15:37
bike,0,2563.0,4,2021-07-19 14:59:05
bike,0,2338.0,4,2021-07-19 14:41:45
bike,0,438.0,4,2021-07-26 17:11:41
bike,0,1508.0,4,2021-07-19 20:04:09
bike,0,730.0,4,2021-07-26 01:12:53
bike,0,129.0,4,2021-07-12 16:28:08
bike,0,3603.0,4,2021-07-19 15:57:57
bike,0,58.0,4,2021-07-12 16:49:53
bike,0,2507.0,4,2021-07-19 19:18:05
bike,0,105.0,4,2021-07-12 07:13:22
bike,0,94.0,4,2021-07-19 11:14:16
bike,0,2500.0,4,2021-07-19 19:19:44
bike,0,552.0,4,2021-07-26 04:25:57
bike,0,983.0,4,2021-07-19 14:31:04
bike,0,1112.0,4,2021-07-26 16:02:34
bike,0,1165.0,4,2021-07-05 19:48:58
bike,0,1504.0,4,2021-07-19 07:06:43
bike,0,115.0,4,2021-07-12 19:05:20
bike,0,13.0,4,2021-07-26 11:34:23
bike,0,333.0,4,2021-07-19 15:57:13
bike,0,1072.0,4,2021-07-05 12:05:32
bike,0,1426.0,4,2021-07-12 11:22:58
bike,0,2476.0,4,2021-07-05 10:37:01
bike,0,83.0,4,2021-07-26 09:57:47
bike,0,1359.0,4,2021-07-05 21:04:23
bike,0,90.0,4,2021-07-12 20:58:39
bike,0,89.0,4,2021-07-12 20:44:15
bike,0,60.0,4,2021-07-12 16:51:21
bike,0,75.0,4,2021-07-19 07:12:33
bike,0,4506.0,4,2021-07-05 01:02:40
bike,0,1273.0,4,2021-07-05 19:25:25
bike,0,4850.0,4,2021-07-19 19:57:02
bike,0,85.0,4,2021-07-26 09:12:48
bike,0,794.0,4,2021-07-19 10:57:00
bike,0,128.0,4,2021-07-12 19:05:07
bike,0,142.0,4,2021-07-19 17:51:10
bike,0,978.0,4,2021-07-19 18:42:20
bike,0,196.0,4,2021-07-19 16:10:54
bike,0,982.0,4,2021-07-19 14:32:39
bike,0,486.0,4,2021-07-26 11:01:36
bike,0,174.0,4,2021-07-19 22:42:38
bike,0,1840.0,4,2021-07-26 17:42:13
bike,0,357.0,4,2021-07-26 22:16:34
bike,0,114.0,4,2021-07-19 19:19:22
bike,0,106.0,4,2021-07-12 07:54:54
bike,0,108.0,4,2021-07-19 20:59:52
bike,0,113.0,4,2021-07-05 16:47:42
bike,0,95.0,4,2021-07-19 21:00:10
bike,0,4474.0,4,2021-07-05 01:03:35
bike,0,517.0,4,2021-07-26 18:52:08
bike,0,1036.0,4,2021-07-05 13:20:19
bike,0,804.0,4,2021-07-05 16:06:14
bike,0,765.0,4,2021-07-12 17:13:05
bike,0,3360.0,4,2021-07-12 13:52:55
bike,0,293.0,4,2021-07-05 21:05:03
bike,0,429.0,4,2021-07-19 14:27:53
bike,0,763.0,4,2021-07-26 18:51:37
bike,0,1671.0,4,2021-07-05 14:46:19
bike,0,1352.0,4,2021-07-19 11:41:48
bike,0,213.0,4,2021-07-19 20:53:48
bike,0,460.0,4,2021-07-19 15:45:40
bike,0,208.0,4,2021-07-26 22:42:56
bike,0,304.0,4,2021-07-05 13:31:57
bike,0,203.0,4,2021-07-05 13:02:36
bike,0,223.0,4,2021-07-05 22:47:22
bike,0,216.0,4,2021-07-19 15:10:25
bike,0,222.0,4,2021-07-12 16:38:08
bike,0,237.0,4,2021-07-05 15:13:38
bike,0,417.0,4,2021-07-05 19:12:43
bike,0,37029.0,4,2021-07-19 22:13:23
bike,0,305.0,4,2021-07-12 12:07:04
bike,0,299.0,4,2021-07-26 09:10:54
bike,0,316.0,4,2021-07-19 20:01:08
bike,0,773.0,4,2021-07-12 10:14:01
bike,0,1220.0,4,2021-07-19 10:39:22
bike,0,257.0,4,2021-07-05 13:32:43
bike,0,539.0,4,2021-07-19 10:00:50
bike,0,176.0,4,2021-07-19 16:59:50
bike,0,208.0,4,2021-07-26 07:28:22
bike,0,212.0,4,2021-07-19 07:19:41
bike,0,196.0,4,2021-07-12 07:45:46
bike,0,229.0,4,2021-07-19 20:11:10
bike,0,433.0,4,2021-07-05 15:36:54
bike,0,196.0,4,2021-07-12 18:03:26
bike,0,1085.0,4,2021-07-26 18:13:13
bike,0,227.0,4,2021-07-12 08:38:10
bike,0,1344.0,4,2021-07-19 14:24:49
bike,0,183.0,4,2021-07-05 07:45:11
bike,0,215.0,4,2021-07-12 13:05:16
bike,0,182.0,4,2021-07-26 22:43:18
bike,0,668.0,4,2021-07-19 08:43:10
bike,0,230.0,4,2021-07-19 20:04:26
bike,0,234.0,4,2021-07-05 09:43:48
bike,0,1091.0,4,2021-07-12 14:59:23
bike,0,270.0,4,2021-07-05 12:53:33
bike,0,423.0,4,2021-07-19 05:48:45
bike,0,537.0,4,2021-07-05 09:12:26
bike,0,244.0,4,2021-07-05 13:22:45
bike,0,222.0,4,2021-07-12 14:05:22
bike,0,212.0,4,2021-07-19 09:19:50
bike,0,183.0,4,2021-07-19 18:23:22
bike,0,196.0,4,2021-07-26 11:46:34
bike,0,261.0,4,2021-07-26 14:55:14
bike,0,214.0,4,2021-07-05 14:36:09
bike,0,254.0,4,2021-07-19 20:02:21
bike,0,179.0,4,2021-07-26 00:24:42
bike,0,215.0,4,2021-07-12 12:23:36
bike,0,1135.0,4,2021-07-26 14:18:58
bike,0,206.0,4,2021-07-19 10:14:07
bike,0,204.0,4,2021-07-12 13:32:12
bike,0,199.0,4,2021-07-26 06:54:46
bike,0,234.0,4,2021-07-26 07:50:25
bike,0,305.0,4,2021-07-26 09:10:48
bike,0,1072.0,4,2021-07-19 18:40:45
bike,0,1028.0,4,2021-07-26 06:07:22
bike,0,412.0,4,2021-07-12 14:53:42
bike,0,762.0,4,2021-07-05 12:34:25
bike,0,390.0,4,2021-07-05 14:44:33
bike,0,1144.0,4,2021-07-26 09:15:35
bike,0,3132.0,4,2021-07-19 13:01:26
bike,0,821.0,4,2021-07-26 10:39:23
bike,0,3115.0,4,2021-07-19 13:01:39
bike,0,399.0,4,2021-07-05 11:08:51
bike,0,1361.0,4,2021-07-05 15:47:13
bike,0,568.0,4,2021-07-05 10:31:14
bike,0,811.0,4,2021-07-26 13:52:53
bike,0,734.0,4,2021-07-19 19:07:22
bike,0,306.0,4,2021-07-19 16:19:40
bike,0,370.0,4,2021-07-26 22:19:03
bike,0,499.0,4,2021-07-26 19:15:09
bike,0,437.0,4,2021-07-26 10:31:51
bike,0,577.0,4,2021-07-12 19:55:14
bike,0,368.0,4,2021-07-12 12:55:24
bike,0,849.0,4,2021-07-05 17:51:01
bike,0,700.0,4,2021-07-05 13:07:29
bike,0,726.0,4,2021-07-26 17:39:27
bike,0,460.0,4,2021-07-05 15:10:48
bike,0,602.0,4,2021-07-19 17:01:41
bike,0,476.0,4,2021-07-26 05:29:21
bike,0,769.0,4,2021-07-12 19:49:05
bike,0,614.0,4,2021-07-19 17:01:21
bike,0,690.0,4,2021-07-26 18:51:49
bike,0,818.0,4,2021-07-05 17:45:18
bike,0,696.0,4,2021-07-26 07:38:39
bike,0,2418.0,4,2021-07-26 20:30:36
bike,0,604.0,4,2021-07-12 08:37:38
bike,0,548.0,4,2021-07-26 16:49:46
bike,0,413.0,4,2021-07-05 16:47:11
bike,0,1130.0,4,2021-07-05 15:14:55
bike,0,928.0,4,2021-07-26 18:22:49
bike,0,597.0,4,2021-07-12 07:32:01
bike,0,469.0,4,2021-07-19 08:42:48
bike,0,787.0,4,2021-07-26 13:36:07
bike,0,791.0,4,2021-07-26 17:00:03
bike,0,784.0,4,2021-07-05 17:45:48
bike,0,752.0,4,2021-07-05 13:07:15
bike,0,562.0,4,2021-07-26 08:41:05
bike,0,2081.0,4,2021-07-05 19:05:39
bike,0,2094.0,4,2021-07-05 19:05:39
bike,0,1666.0,4,2021-07-12 20:04:55
bike,0,1647.0,4,2021-07-05 00:49:37
bike,0,1567.0,4,2021-07-12 20:06:27
bike,0,1282.0,4,2021-07-26 13:35:40
bike,0,189.0,4,2021-07-19 19:57:37
bike,0,100.0,4,2021-07-26 12:46:08
bike,0,1009.0,4,2021-07-26 17:35:33
bike,0,1203.0,4,2021-07-26 19:01:08
bike,0,174.0,4,2021-07-26 15:54:12
bike,0,931.0,4,2021-07-26 18:25:28
bike,0,161.0,4,2021-07-05 21:03:42
bike,0,196.0,4,2021-07-19 07:48:18
bike,0,208.0,4,2021-07-26 07:47:50
bike,0,570.0,4,2021-07-05 16:07:13
bike,0,493.0,4,2021-07-05 11:11:56
bike,0,1893.0,4,2021-07-05 12:28:19
bike,0,1105.0,4,2021-07-12 09:01:13
bike,0,1428.0,4,2021-07-19 21:06:54
bike,0,739.0,4,2021-07-19 21:34:04
bike,0,2470.0,4,2021-07-26 20:01:45
bike,0,103.0,4,2021-07-05 07:47:26
bike,0,59.0,4,2021-07-05 16:15:22
bike,0,65.0,4,2021-07-12 17:00:13
bike,0,1697.0,4,2021-07-05 23:51:36
bike,0,72.0,4,2021-07-26 19:28:57
bike,0,687.0,4,2021-07-05 08:50:52
bike,0,84.0,4,2021-07-19 10:58:14
bike,0,588.0,4,2021-07-19 19:17:33
bike,0,2539.0,4,2021-07-12 18:08:49
bike,0,89.0,4,2021-07-26 09:38:35
bike,0,726.0,4,2021-07-19 08:43:27
bike,0,88.0,4,2021-07-05 08:40:46
bike,0,783.0,4,2021-07-26 16:53:27
bike,0,155.0,4,2021-07-12 19:24:13
bike,0,2254.0,4,2021-07-05 10:10:43
bike,0,789.0,4,2021-07-05 20:18:19
bike,0,102.0,4,2021-07-05 11:21:59
bike,0,1624.0,4,2021-07-26 10:49:49
bike,0,122.0,4,2021-07-26 15:32:16
bike,0,126.0,4,2021-07-05 17:18:46
bike,0,1355.0,4,2021-07-26 20:43:04
bike,0,2225.0,4,2021-07-12 16:31:55
bike,0,1072.0,4,2021-07-26 08:36:48
bike,0,710.0,4,2021-07-05 12:08:00
bike,0,110.0,4,2021-07-05 02:18:21
bike,0,709.0,4,2021-07-05 12:07:52
bike,0,111.0,4,2021-07-26 13:55:44
bike,0,115.0,4,2021-07-19 21:20:00
bike,0,233.0,4,2021-07-05 18:19:41
bike,0,716.0,4,2021-07-26 19:36:13
bike,0,142.0,4,2021-07-26 00:54:53
bike,0,981.0,4,2021-07-12 19:31:04
bike,0,378.0,4,2021-07-19 11:25:29
bike,0,233.0,4,2021-07-19 11:11:29
bike,0,231.0,4,2021-07-05 20:31:03
bike,0,1477.0,4,2021-07-26 18:49:08
bike,0,134.0,4,2021-07-19 11:02:37
bike,0,1726.0,4,2021-07-19 15:55:10
bike,0,2734.0,4,2021-07-05 21:30:29
bike,0,798.0,4,2021-07-19 17:26:18
bike,0,1432.0,4,2021-07-19 03:33:59
bike,0,1489.0,4,2021-07-12 00:11:45
bike,0,188.0,4,2021-07-12 09:16:28
bike,0,238.0,4,2021-07-19 15:07:09
bike,0,798.0,4,2021-07-19 22:59:42
bike,0,731.0,4,2021-07-05 20:07:00
bike,0,660.0,4,2021-07-19 18:14:30
bike,0,3648.0,4,2021-07-12 20:43:11
bike,0,154.0,4,2021-07-05 17:01:35
bike,0,397.0,4,2021-07-05 13:45:07
bike,0,150.0,4,2021-07-12 12:22:47
bike,0,167.0,4,2021-07-12 18:23:49
bike,0,155.0,4,2021-07-12 19:28:58
bike,0,1051.0,4,2021-07-19 08:06:40
bike,0,1072.0,4,2021-07-12 08:23:23
bike,0,848.0,4,2021-07-12 07:34:47
bike,0,985.0,4,2021-07-19 07:14:48
bike,0,652.0,4,2021-07-26 07:32:03
bike,0,689.0,4,2021-07-26 19:16:52
bike,0,576.0,4,2021-07-26 20:12:45
bike,0,441.0,4,2021-07-19 08:36:47
bike,0,452.0,4,2021-07-05 19:16:03
bike,0,644.0,4,2021-07-12 15:38:08
bike,0,509.0,4,2021-07-12 08:09:21
bike,0,426.0,4,2021-07-19 16:44:43
bike,0,510.0,4,2021-07-19 17:39:49
bike,0,383.0,4,2021-07-12 09:59:53
bike,0,357.0,4,2021-07-05 12:10:44
bike,0,673.0,4,2021-07-12 08:40:59
bike,0,387.0,4,2021-07-26 15:09:24
bike,0,472.0,4,2021-07-19 17:17:02
bike,0,852.0,4,2021-07-12 18:35:31
bike,0,892.0,4,2021-07-19 19:47:03
bike,0,104.0,4,2021-07-26 17:53:04
bike,0,604.0,4,2021-07-05 11:16:03
bike,0,1517.0,4,2021-07-26 20:12:52
bike,0,971.0,4,2021-07-26 14:37:34
bike,0,1069.0,4,2021-07-19 09:16:57
bike,0,614.0,4,2021-07-26 14:14:49
bike,0,119.0,4,2021-07-26 15:56:38
bike,0,637.0,4,2021-07-19 09:57:59
bike,0,1731.0,4,2021-07-12 16:30:44
bike,0,839.0,4,2021-07-19 20:24:52
bike,0,862.0,4,2021-07-19 20:24:28
bike,0,556.0,4,2021-07-12 08:45:27
bike,0,1595.0,4,2021-07-19 13:12:38
bike,0,691.0,4,2021-07-05 11:10:54
bike,0,559.0,4,2021-07-19 08:42:47
bike,0,532.0,4,2021-07-26 08:48:57
bike,0,429.0,4,2021-07-19 18:16:52
bike,0,707.0,4,2021-07-19 11:16:09
bike,0,762.0,4,2021-07-05 11:49:11
bike,0,682.0,4,2021-07-12 12:19:38
bike,0,465.0,4,2021-07-12 14:37:17
bike,0,349.0,4,2021-07-19 13:26:29
bike,0,1568.0,4,2021-07-26 17:03:43
bike,0,642.0,4,2021-07-05 04:38:15
bike,0,721.0,4,2021-07-05 11:49:46
bike,0,1098.0,4,2021-07-19 07:45:37
bike,0,1536.0,4,2021-07-12 06:46:24
bike,0,1453.0,4,2021-07-12 19:01:13
bike,0,508.0,4,2021-07-05 08:25:50
bike,0,583.0,4,2021-07-12 08:23:47
bike,0,908.0,4,2021-07-05 09:46:27
bike,0,686.0,4,2021-07-26 09:15:05
bike,0,1441.0,4,2021-07-26 10:05:08
bike,0,1413.0,4,2021-07-12 16:22:02
bike,0,1036.0,4,2021-07-26 14:33:10
bike,0,756.0,4,2021-07-26 08:16:06
bike,0,642.0,4,2021-07-12 07:27:34
bike,0,783.0,4,2021-07-26 13:33:35
bike,0,574.0,4,2021-07-19 09:10:04
bike,0,557.0,4,2021-07-26 07:39:16
bike,0,523.0,4,2021-07-05 23:54:01
bike,0,974.0,4,2021-07-12 15:42:50
bike,0,347.0,4,2021-07-12 18:00:44
bike,0,458.0,4,2021-07-19 18:19:51
bike,0,720.0,4,2021-07-19 17:28:39
bike,0,1992.0,4,2021-07-19 00:19:02
bike,0,740.0,4,2021-07-05 19:56:52
bike,0,898.0,4,2021-07-26 11:40:04
bike,0,615.0,4,2021-07-12 08:04:28
bike,0,953.0,4,2021-07-26 21:53:19
bike,0,1053.0,4,2021-07-05 18:00:47
bike,0,1169.0,4,2021-07-26 17:23:21
bike,0,695.0,4,2021-07-12 11:41:05
bike,0,780.0,4,2021-07-12 08:31:18
bike,0,599.0,4,2021-07-05 14:25:32
bike,0,715.0,4,2021-07-05 14:26:08
bike,0,1419.0,4,2021-07-26 19:35:00
bike,0,463.0,4,2021-07-26 12:38:01
bike,0,774.0,4,2021-07-19 06:46:30
bike,0,447.0,4,2021-07-05 23:54:36
bike,0,541.0,4,2021-07-12 09:32:27
bike,0,710.0,4,2021-07-19 15:36:11
bike,0,723.0,4,2021-07-12 14:09:53
bike,0,729.0,4,2021-07-12 14:09:26
bike,0,636.0,4,2021-07-19 14:01:42
bike,0,502.0,4,2021-07-26 12:57:04
bike,0,1225.0,4,2021-07-19 10:58:02
bike,0,695.0,4,2021-07-12 22:38:37
bike,0,576.0,4,2021-07-05 15:36:42
bike,0,1867.0,4,2021-07-26 00:02:57
bike,0,2872.0,4,2021-07-26 12:41:55
bike,0,2363.0,4,2021-07-05 21:11:18
bike,0,1580.0,4,2021-07-26 07:57:43
bike,0,1217.0,4,2021-07-05 21:33:38
bike,0,1034.0,4,2021-07-26 07:53:22
bike,0,1117.0,4,2021-07-05 10:37:28
bike,0,419.0,4,2021-07-12 15:10:08
bike,0,765.0,4,2021-07-26 17:47:11
bike,0,624.0,4,2021-07-19 01:00:07
bike,0,1350.0,4,2021-07-05 11:59:37
bike,0,528.0,4,2021-07-26 11:42:48
bike,0,463.0,4,2021-07-12 09:42:13
bike,0,557.0,4,2021-07-19 10:58:54
bike,0,409.0,4,2021-07-26 06:13:55
bike,0,717.0,4,2021-07-26 16:17:24
bike,0,485.0,4,2021-07-05 15:32:25
bike,0,413.0,4,2021-07-26 20:53:20
bike,0,1613.0,4,2021-07-05 00:16:29
bike,0,900.0,4,2021-07-19 09:17:29
bike,0,698.0,4,2021-07-05 10:37:33
bike,0,392.0,4,2021-07-19 06:05:37
bike,0,326.0,4,2021-07-19 18:25:08
bike,0,640.0,4,2021-07-19 14:38:18
bike,0,419.0,4,2021-07-12 09:14:53
bike,0,448.0,4,2021-07-12 08:27:52
bike,0,650.0,4,2021-07-19 20:15:09
bike,0,614.0,4,2021-07-26 12:03:48
bike,0,526.0,4,2021-07-05 18:54:10
bike,0,439.0,4,2021-07-12 13:16:05
bike,0,624.0,4,2021-07-26 19:19:15
bike,0,728.0,4,2021-07-26 21:59:14
bike,0,658.0,4,2021-07-05 14:10:29
bike,0,864.0,4,2021-07-26 13:40:43
bike,0,405.0,4,2021-07-19 15:37:03
bike,0,1268.0,4,2021-07-05 15:00:41
bike,0,1186.0,4,2021-07-26 12:36:45
bike,0,851.0,4,2021-07-05 14:56:24
bike,0,607.0,4,2021-07-26 15:16:34
bike,0,974.0,4,2021-07-05 19:41:31
bike,0,652.0,4,2021-07-19 19:11:43
bike,0,1249.0,4,2021-07-12 09:20:58
bike,0,524.0,4,2021-07-12 21:02:16
bike,0,554.0,4,2021-07-05 08:24:13
bike,0,493.0,4,2021-07-26 16:33:00
bike,0,790.0,4,2021-07-12 17:10:33
bike,0,933.0,4,2021-07-26 07:30:40
bike,0,1340.0,4,2021-07-05 12:00:12
bike,0,354.0,4,2021-07-12 15:54:13
bike,0,348.0,4,2021-07-12 06:08:07
bike,0,632.0,4,2021-07-12 22:54:40
bike,0,659.0,4,2021-07-19 08:40:44
bike,0,542.0,4,2021-07-26 07:03:31
bike,0,1076.0,4,2021-07-19 13:33:48
bike,0,578.0,4,2021-07-19 08:47:17
bike,0,562.0,4,2021-07-12 09:04:53
bike,0,559.0,4,2021-07-05 14:54:23
bike,0,543.0,4,2021-07-26 07:48:39
bike,0,546.0,4,2021-07-19 08:42:39
bike,0,1231.0,4,2021-07-19 09:40:49
bike,0,3096.0,4,2021-07-12 16:35:32
bike,0,596.0,4,2021-07-12 12:31:52
bike,0,580.0,4,2021-07-19 18:12:20
bike,0,947.0,4,2021-07-19 08:57:31
bike,0,851.0,4,2021-07-19 17:58:00
bike,0,774.0,4,2021-07-19 08:27:34
bike,0,1232.0,4,2021-07-12 17:27:40
bike,0,1193.0,4,2021-07-19 18:57:10
bike,0,1097.0,4,2021-07-19 19:28:03
bike,0,778.0,4,2021-07-05 13:55:30
bike,0,1067.0,4,2021-07-05 18:12:05
bike,0,549.0,4,2021-07-05 13:59:00
bike,0,1288.0,4,2021-07-19 19:25:08
bike,0,479.0,4,2021-07-12 07:08:52
bike,0,1031.0,4,2021-07-26 19:56:55
bike,0,899.0,4,2021-07-19 12:09:43
bike,0,1632.0,4,2021-07-12 18:46:39
bike,0,474.0,4,2021-07-05 19:40:10
bike,0,1390.0,4,2021-07-05 16:29:11
bike,0,601.0,4,2021-07-12 17:35:13
bike,0,1390.0,4,2021-07-05 16:29:46
bike,0,1643.0,4,2021-07-12 18:46:20
bike,0,959.0,4,2021-07-12 19:17:10
bike,0,952.0,4,2021-07-12 19:16:32
bike,0,1318.0,4,2021-07-26 09:08:51
bike,0,1992.0,4,2021-07-19 19:32:18
bike,0,1391.0,4,2021-07-19 07:04:07
bike,0,762.0,4,2021-07-05 13:32:15
bike,0,550.0,4,2021-07-05 12:09:36
bike,0,1358.0,4,2021-07-19 06:37:49
bike,0,1225.0,4,2021-07-26 14:28:46
bike,0,1278.0,4,2021-07-12 00:15:30
bike,0,1793.0,4,2021-07-05 17:08:34
bike,0,818.0,4,2021-07-19 16:27:33
bike,0,1196.0,4,2021-07-05 17:40:30
bike,0,1228.0,4,2021-07-26 00:18:59
bike,0,1688.0,4,2021-07-26 10:20:26
bike,0,805.0,4,2021-07-26 19:27:20
bike,0,537.0,4,2021-07-12 17:17:08
bike,0,2429.0,4,2021-07-19 07:45:25
bike,0,2338.0,4,2021-07-12 07:45:08
bike,0,1168.0,4,2021-07-12 07:37:03
bike,0,2115.0,4,2021-07-26 20:20:44
bike,0,757.0,4,2021-07-12 08:53:51
bike,0,1272.0,4,2021-07-05 17:58:24
bike,0,1679.0,4,2021-07-19 21:01:49
bike,0,995.0,4,2021-07-19 14:29:41
bike,0,583.0,4,2021-07-26 18:20:48
bike,0,669.0,4,2021-07-26 20:17:14
bike,0,728.0,4,2021-07-19 08:51:18
bike,0,1092.0,4,2021-07-26 20:48:07
bike,0,2213.0,4,2021-07-26 19:19:31
bike,0,767.0,4,2021-07-05 22:50:12
bike,0,1316.0,4,2021-07-26 10:11:41
bike,0,638.0,4,2021-07-05 19:34:57
bike,0,1031.0,4,2021-07-05 00:06:29
bike,0,729.0,4,2021-07-05 12:20:42
bike,0,727.0,4,2021-07-05 08:23:47
bike,0,982.0,4,2021-07-19 09:38:32
bike,0,1658.0,4,2021-07-26 23:07:16
bike,0,732.0,4,2021-07-19 07:14:25
bike,0,694.0,4,2021-07-26 07:13:23
bike,0,1026.0,4,2021-07-05 14:47:44
bike,0,994.0,4,2021-07-26 19:27:34
bike,0,475.0,4,2021-07-05 16:14:27
bike,0,742.0,4,2021-07-19 07:30:11
bike,0,516.0,4,2021-07-05 19:23:23
bike,0,437.0,4,2021-07-05 16:26:28
bike,0,439.0,4,2021-07-19 08:39:31
bike,0,504.0,4,2021-07-12 15:33:36
bike,0,1727.0,4,2021-07-26 12:36:53
bike,0,556.0,4,2021-07-12 09:43:07
bike,0,520.0,4,2021-07-19 09:46:29
bike,0,259.0,4,2021-07-19 08:16:04
bike,0,282.0,4,2021-07-26 14:19:24
bike,0,403.0,4,2021-07-05 22:13:18
bike,0,408.0,4,2021-07-12 13:04:02
bike,0,253.0,4,2021-07-12 10:31:21
bike,0,165.0,4,2021-07-26 20:28:35
bike,0,470.0,4,2021-07-12 17:42:59
bike,0,426.0,4,2021-07-26 14:50:32
bike,0,314.0,4,2021-07-26 12:15:54
bike,0,651.0,4,2021-07-12 07:06:15
bike,0,230.0,4,2021-07-19 17:47:29
bike,0,315.0,4,2021-07-26 09:53:42
bike,0,228.0,4,2021-07-12 07:13:58
bike,0,318.0,4,2021-07-12 09:43:58
bike,0,216.0,4,2021-07-19 18:07:27
bike,0,845.0,4,2021-07-05 16:15:14
bike,0,352.0,4,2021-07-12 20:02:17
bike,0,263.0,4,2021-07-19 09:16:08
bike,0,262.0,4,2021-07-12 09:17:52
bike,0,459.0,4,2021-07-26 16:59:36
bike,0,247.0,4,2021-07-12 16:42:50
bike,0,296.0,4,2021-07-12 12:18:18
bike,0,352.0,4,2021-07-05 15:09:35
bike,0,289.0,4,2021-07-19 16:44:19
bike,0,430.0,4,2021-07-19 08:56:07
bike,0,219.0,4,2021-07-26 17:03:39
bike,0,426.0,4,2021-07-05 20:23:22
bike,0,516.0,4,2021-07-19 19:52:23
bike,0,395.0,4,2021-07-12 19:25:01
bike,0,284.0,4,2021-07-26 12:34:28
bike,0,437.0,4,2021-07-05 18:08:09
bike,0,246.0,4,2021-07-26 18:54:14
bike,0,277.0,4,2021-07-05 11:57:14
bike,0,295.0,4,2021-07-26 18:39:28
bike,0,290.0,4,2021-07-26 08:50:06
bike,0,237.0,4,2021-07-05 05:30:07
bike,0,273.0,4,2021-07-19 05:32:56
bike,0,394.0,4,2021-07-05 17:03:29
bike,0,577.0,4,2021-07-26 10:27:32
bike,0,341.0,4,2021-07-26 18:47:04
bike,0,311.0,4,2021-07-19 08:05:18
bike,0,428.0,4,2021-07-12 17:20:02
bike,0,209.0,4,2021-07-05 06:52:47
bike,0,260.0,4,2021-07-12 18:40:26
bike,0,350.0,4,2021-07-12 05:44:03
bike,0,188.0,4,2021-07-26 00:35:49
bike,0,382.0,4,2021-07-26 18:40:28
bike,0,255.0,4,2021-07-26 08:20:49
bike,0,247.0,4,2021-07-12 15:42:20
bike,0,957.0,4,2021-07-19 17:55:32
bike,0,394.0,4,2021-07-12 17:25:57
bike,0,832.0,4,2021-07-05 17:48:02
bike,0,229.0,4,2021-07-05 13:24:49
bike,0,367.0,4,2021-07-05 17:35:29
bike,0,458.0,4,2021-07-12 12:22:40
bike,0,478.0,4,2021-07-26 09:26:43
bike,0,284.0,4,2021-07-19 08:12:43
bike,0,334.0,4,2021-07-26 08:05:26
bike,0,386.0,4,2021-07-12 20:59:34
bike,0,334.0,4,2021-07-12 12:14:23
bike,0,387.0,4,2021-07-12 21:00:03
bike,0,278.0,4,2021-07-12 18:14:31
bike,0,394.0,4,2021-07-05 14:07:43
bike,0,636.0,4,2021-07-12 14:16:36
bike,0,342.0,4,2021-07-26 13:07:26
bike,0,410.0,4,2021-07-05 22:13:37
bike,0,336.0,4,2021-07-05 19:00:38
bike,0,327.0,4,2021-07-19 19:29:02
bike,0,191.0,4,2021-07-26 07:04:26
bike,0,175.0,4,2021-07-19 18:15:47
bike,0,224.0,4,2021-07-19 18:57:26
bike,0,434.0,4,2021-07-12 21:10:31
bike,0,210.0,4,2021-07-12 15:44:17
bike,0,246.0,4,2021-07-19 16:50:04
bike,0,267.0,4,2021-07-05 09:50:50
bike,0,217.0,4,2021-07-26 15:19:43
bike,0,232.0,4,2021-07-05 19:29:01
bike,0,505.0,4,2021-07-12 16:51:28
bike,0,267.0,4,2021-07-26 20:37:31
bike,0,539.0,4,2021-07-12 19:05:01
bike,0,166.0,4,2021-07-26 12:33:26
bike,0,226.0,4,2021-07-26 12:43:03
bike,0,286.0,4,2021-07-26 08:22:22
bike,0,178.0,4,2021-07-19 16:49:58
bike,0,222.0,4,2021-07-12 16:56:37
bike,0,254.0,4,2021-07-12 18:05:39
bike,0,283.0,4,2021-07-12 10:42:50
bike,0,191.0,4,2021-07-26 21:21:14
bike,0,240.0,4,2021-07-26 19:13:04
bike,0,245.0,4,2021-07-05 20:48:30
bike,0,172.0,4,2021-07-26 20:00:46
bike,0,237.0,4,2021-07-19 14:58:06
bike,0,259.0,4,2021-07-19 20:41:27
bike,0,367.0,4,2021-07-26 19:03:17
bike,0,221.0,4,2021-07-05 19:55:45
bike,0,232.0,4,2021-07-12 08:36:59
bike,0,260.0,4,2021-07-12 07:57:26
bike,0,495.0,4,2021-07-26 16:19:45
bike,0,238.0,4,2021-07-12 08:31:57
bike,0,308.0,4,2021-07-26 10:35:01
bike,0,325.0,4,2021-07-19 10:00:57
bike,0,226.0,4,2021-07-12 11:23:10
bike,0,229.0,4,2021-07-26 07:12:07
bike,0,1938.0,4,2021-07-26 20:17:41
bike,0,712.0,4,2021-07-12 19:16:20
bike,0,374.0,4,2021-07-12 08:31:33
bike,0,317.0,4,2021-07-26 08:07:55
bike,0,363.0,4,2021-07-26 10:20:01
bike,0,403.0,4,2021-07-05 20:42:21
bike,0,167.0,4,2021-07-05 12:24:40
bike,0,355.0,4,2021-07-26 07:55:28
bike,0,171.0,4,2021-07-05 10:57:17
bike,0,129.0,4,2021-07-12 07:29:21
bike,0,150.0,4,2021-07-26 09:05:58
bike,0,170.0,4,2021-07-19 17:05:46
bike,0,136.0,4,2021-07-05 19:59:53
bike,0,131.0,4,2021-07-19 07:05:59
bike,0,125.0,4,2021-07-05 07:17:20
bike,0,174.0,4,2021-07-26 13:29:39
bike,0,152.0,4,2021-07-05 16:48:33
bike,0,103.0,4,2021-07-26 13:18:52
bike,0,125.0,4,2021-07-05 11:38:08
bike,0,134.0,4,2021-07-19 15:22:34
bike,0,130.0,4,2021-07-19 09:30:54
bike,0,1046.0,4,2021-07-19 19:24:59
bike,0,1120.0,4,2021-07-19 19:23:38
bike,0,1679.0,4,2021-07-19 19:12:47
bike,0,89.0,4,2021-07-12 17:47:06
bike,0,152.0,4,2021-07-12 18:42:06
bike,0,323.0,4,2021-07-26 18:15:05
bike,0,241.0,4,2021-07-05 19:55:26
bike,0,226.0,4,2021-07-19 18:51:27
bike,0,242.0,4,2021-07-05 15:38:37
bike,0,279.0,4,2021-07-05 17:35:20
bike,0,175.0,4,2021-07-05 19:41:26
bike,0,234.0,4,2021-07-12 17:56:27
bike,0,711.0,4,2021-07-12 11:02:35
bike,0,561.0,4,2021-07-12 20:18:36
bike,0,1654.0,4,2021-07-05 21:12:34
bike,0,280.0,4,2021-07-05 17:16:37
bike,0,370.0,4,2021-07-12 06:30:44
bike,0,3007.0,4,2021-07-05 21:12:34
bike,0,790.0,4,2021-07-26 09:25:19
bike,0,1003.0,4,2021-07-05 09:44:57
bike,0,1173.0,4,2021-07-12 18:11:19
bike,0,532.0,4,2021-07-05 17:41:54
bike,0,421.0,4,2021-07-12 19:46:37
bike,0,818.0,4,2021-07-12 01:53:53
bike,0,541.0,4,2021-07-19 09:58:38
bike,0,1212.0,4,2021-07-05 00:22:14
bike,0,1589.0,4,2021-07-19 19:40:48
bike,0,976.0,4,2021-07-05 20:35:54
bike,0,1497.0,4,2021-07-19 17:33:52
bike,0,920.0,4,2021-07-05 20:36:58
bike,0,1711.0,4,2021-07-12 20:24:19
bike,0,578.0,4,2021-07-26 14:24:59
bike,0,593.0,4,2021-07-26 14:56:40
bike,0,23.0,4,2021-07-19 17:54:08
bike,0,62.0,4,2021-07-26 12:40:14
bike,0,260.0,4,2021-07-26 18:47:45
bike,0,294.0,4,2021-07-12 19:05:31
bike,0,195.0,4,2021-07-19 14:30:03
bike,0,145.0,4,2021-07-05 13:39:52
bike,0,510.0,4,2021-07-26 07:18:37
bike,0,251.0,4,2021-07-26 18:31:08
bike,0,179.0,4,2021-07-12 07:14:25
bike,0,3288.0,4,2021-07-19 07:22:14
bike,0,31.0,4,2021-07-12 16:37:02
bike,0,1065.0,4,2021-07-26 13:57:25
bike,0,14.0,4,2021-07-19 07:32:19
bike,0,11.0,4,2021-07-05 14:55:52
bike,0,890.0,4,2021-07-12 21:07:29
bike,0,13.0,4,2021-07-26 20:36:43
bike,0,761.0,4,2021-07-26 19:26:06
bike,0,892.0,4,2021-07-05 20:14:37
bike,0,25.0,4,2021-07-05 08:17:51
bike,0,3329.0,4,2021-07-19 07:21:39
bike,0,1314.0,4,2021-07-05 18:31:09
bike,0,198.0,4,2021-07-12 23:45:22
bike,0,1559.0,4,2021-07-26 18:59:33
bike,0,694.0,4,2021-07-19 08:39:37
bike,0,692.0,4,2021-07-05 11:08:11
bike,0,436.0,4,2021-07-19 20:17:51
bike,0,2.0,4,2021-07-19 16:44:17
bike,0,46.0,4,2021-07-12 10:05:07
bike,0,6.0,4,2021-07-05 12:09:56
bike,0,1853.0,4,2021-07-05 09:32:10
bike,0,491.0,4,2021-07-26 15:28:08
bike,0,4.0,4,2021-07-05 19:08:45
bike,0,39.0,4,2021-07-19 19:01:27
bike,0,1545.0,4,2021-07-05 15:57:31
bike,0,2359.0,4,2021-07-19 19:52:23
bike,0,12.0,4,2021-07-05 19:58:10
bike,0,11.0,4,2021-07-12 20:38:37
bike,0,20.0,4,2021-07-12 20:41:14
bike,0,1614.0,4,2021-07-26 19:10:08
bike,0,338.0,4,2021-07-19 14:01:52
bike,0,369.0,4,2021-07-26 16:48:27
bike,0,1222.0,4,2021-07-26 13:29:54
bike,0,396.0,4,2021-07-26 12:49:56
bike,0,165.0,4,2021-07-26 09:35:44
bike,0,379.0,4,2021-07-26 20:38:51
bike,0,226.0,4,2021-07-05 17:24:40
bike,0,226.0,4,2021-07-12 18:31:05
bike,0,353.0,4,2021-07-19 14:03:35
bike,0,809.0,4,2021-07-05 17:24:52
bike,0,358.0,4,2021-07-05 19:02:36
bike,0,242.0,4,2021-07-19 13:13:20
bike,0,1422.0,4,2021-07-05 23:29:09
bike,0,177.0,4,2021-07-05 00:39:19
bike,0,1321.0,4,2021-07-05 15:59:38
bike,0,1339.0,4,2021-07-05 15:59:18
bike,0,1711.0,4,2021-07-19 19:38:25
bike,0,1279.0,4,2021-07-05 04:34:49
bike,0,1847.0,4,2021-07-12 13:17:00
bike,0,187.0,4,2021-07-12 15:34:38
bike,0,181.0,4,2021-07-05 17:24:13
bike,0,1407.0,4,2021-07-26 09:10:24
bike,0,354.0,4,2021-07-26 21:20:20
bike,0,151.0,4,2021-07-12 10:33:02
bike,0,311.0,4,2021-07-19 18:04:56
bike,0,434.0,4,2021-07-26 09:26:46
bike,0,159.0,4,2021-07-26 17:55:57
bike,0,252.0,4,2021-07-12 11:03:00
bike,0,323.0,4,2021-07-19 14:02:06
bike,0,713.0,4,2021-07-12 16:50:42
bike,0,225.0,4,2021-07-26 09:19:53
bike,0,1641.0,4,2021-07-12 17:58:26
bike,0,446.0,4,2021-07-12 19:50:44
bike,0,713.0,4,2021-07-19 17:34:30
bike,0,437.0,4,2021-07-26 13:52:00
bike,0,377.0,4,2021-07-05 18:10:48
bike,0,394.0,4,2021-07-19 10:17:11
bike,0,664.0,4,2021-07-19 20:41:39
bike,0,760.0,4,2021-07-26 12:08:34
bike,0,1440.0,4,2021-07-05 15:17:01
bike,0,1395.0,4,2021-07-05 06:35:24
bike,0,1011.0,4,2021-07-19 18:35:51
bike,0,552.0,4,2021-07-12 10:20:33
bike,0,467.0,4,2021-07-12 15:44:10
bike,0,1163.0,4,2021-07-12 05:21:44
bike,0,2301.0,4,2021-07-26 17:51:01
bike,0,2107.0,4,2021-07-19 11:14:00
bike,0,635.0,4,2021-07-26 10:55:39
bike,0,1528.0,4,2021-07-05 11:43:30
bike,0,1276.0,4,2021-07-12 16:22:53
bike,0,257.0,4,2021-07-12 20:14:38
bike,0,1603.0,4,2021-07-26 17:52:09
bike,0,188.0,4,2021-07-26 15:17:13
bike,0,723.0,4,2021-07-26 06:01:23
bike,0,690.0,4,2021-07-19 05:51:19
bike,0,477.0,4,2021-07-12 12:41:54
bike,0,733.0,4,2021-07-19 15:03:32
bike,0,554.0,4,2021-07-12 16:01:28
bike,0,537.0,4,2021-07-05 07:56:46
bike,0,580.0,4,2021-07-19 17:20:26
bike,0,548.0,4,2021-07-26 19:06:01
bike,0,438.0,4,2021-07-12 16:10:36
bike,0,113.0,4,2021-07-12 15:27:06
bike,0,96.0,4,2021-07-26 15:12:07
bike,0,765.0,4,2021-07-26 13:22:17
bike,0,861.0,4,2021-07-26 07:56:22
bike,0,442.0,4,2021-07-12 16:19:25
bike,0,376.0,4,2021-07-26 12:03:58
bike,0,848.0,4,2021-07-26 05:28:49
bike,0,317.0,4,2021-07-26 23:02:23
bike,0,621.0,4,2021-07-05 13:46:47
bike,0,138.0,4,2021-07-19 23:21:30
bike,0,513.0,4,2021-07-05 04:08:25
bike,0,475.0,4,2021-07-26 13:52:03
bike,0,1288.0,4,2021-07-19 10:20:31
bike,0,422.0,4,2021-07-05 13:12:27
bike,0,824.0,4,2021-07-26 18:14:11
bike,0,833.0,4,2021-07-19 18:13:52
bike,0,363.0,4,2021-07-26 19:05:35
bike,0,345.0,4,2021-07-05 23:51:40
bike,0,123.0,4,2021-07-12 15:18:56
bike,0,1960.0,4,2021-07-26 17:51:16
bike,0,370.0,4,2021-07-19 20:25:33
bike,0,995.0,4,2021-07-19 00:48:56
bike,0,458.0,4,2021-07-05 15:35:56
bike,0,2022.0,4,2021-07-05 13:50:39
bike,0,556.0,4,2021-07-19 17:23:40
bike,0,1027.0,4,2021-07-05 03:10:42
bike,0,86.0,4,2021-07-12 12:46:22
bike,0,426.0,4,2021-07-26 19:29:07
bike,0,480.0,4,2021-07-05 17:05:18
bike,0,466.0,4,2021-07-05 08:06:30
bike,0,220.0,4,2021-07-05 01:57:23
bike,0,569.0,4,2021-07-19 17:23:30
bike,0,725.0,4,2021-07-26 13:20:26
bike,0,1256.0,4,2021-07-26 12:42:04
bike,0,575.0,4,2021-07-12 12:20:25
bike,0,916.0,4,2021-07-26 17:19:47
bike,0,660.0,4,2021-07-26 14:56:26
bike,0,545.0,4,2021-07-12 08:58:03
bike,0,1587.0,4,2021-07-05 20:37:43
bike,0,397.0,4,2021-07-19 14:19:40
bike,0,491.0,4,2021-07-05 18:13:45
bike,0,355.0,4,2021-07-12 12:40:03
bike,0,811.0,4,2021-07-26 08:18:09
bike,0,804.0,4,2021-07-12 08:15:15
bike,0,917.0,4,2021-07-26 20:05:03
bike,0,958.0,4,2021-07-19 00:49:46
bike,0,598.0,4,2021-07-05 14:26:12
bike,0,616.0,4,2021-07-19 12:20:18
bike,0,875.0,4,2021-07-12 08:45:54
bike,0,464.0,4,2021-07-12 14:10:09
bike,0,989.0,4,2021-07-19 18:16:17
bike,0,311.0,4,2021-07-26 15:26:23
bike,0,1808.0,4,2021-07-05 16:24:12
bike,0,843.0,4,2021-07-19 06:31:40
bike,0,1921.0,4,2021-07-12 12:17:31
bike,0,1653.0,4,2021-07-05 02:58:38
bike,0,1091.0,4,2021-07-19 07:18:09
bike,0,382.0,4,2021-07-26 09:59:39
bike,0,460.0,4,2021-07-26 18:41:12
bike,0,413.0,4,2021-07-26 11:54:56
bike,0,765.0,4,2021-07-05 09:23:47
bike,0,257.0,4,2021-07-19 07:48:18
bike,0,454.0,4,2021-07-26 20:21:17
bike,0,339.0,4,2021-07-19 15:06:19
bike,0,276.0,4,2021-07-05 03:08:12
bike,0,499.0,4,2021-07-05 18:58:23
bike,0,644.0,4,2021-07-26 20:29:28
bike,0,448.0,4,2021-07-12 19:42:53
bike,0,463.0,4,2021-07-19 10:51:19
bike,0,380.0,4,2021-07-05 17:40:45
bike,0,698.0,4,2021-07-12 22:37:08
bike,0,408.0,4,2021-07-26 06:44:16
bike,0,699.0,4,2021-07-26 14:28:05
bike,0,734.0,4,2021-07-19 11:57:00
bike,0,452.0,4,2021-07-26 23:09:32
bike,0,704.0,4,2021-07-05 10:11:34
bike,0,374.0,4,2021-07-12 08:48:34
bike,0,603.0,4,2021-07-26 17:40:44
bike,0,411.0,4,2021-07-05 09:37:03
bike,0,282.0,4,2021-07-26 14:57:08
bike,0,510.0,4,2021-07-19 18:50:35
bike,0,702.0,4,2021-07-05 10:11:28
bike,0,415.0,4,2021-07-12 19:07:08
bike,0,291.0,4,2021-07-26 09:44:40
bike,0,451.0,4,2021-07-05 15:58:51
bike,0,422.0,4,2021-07-19 19:09:10
bike,0,359.0,4,2021-07-05 22:24:23
bike,0,507.0,4,2021-07-12 07:14:18
bike,0,414.0,4,2021-07-05 00:24:22
bike,0,1585.0,4,2021-07-12 11:46:13
bike,0,393.0,4,2021-07-12 00:44:13
bike,0,497.0,4,2021-07-26 18:52:43
bike,0,264.0,4,2021-07-12 08:58:41
bike,0,454.0,4,2021-07-12 07:28:36
bike,0,170.0,4,2021-07-19 17:46:52
bike,0,2214.0,4,2021-07-19 15:57:28
bike,0,521.0,4,2021-07-26 23:09:16
bike,0,462.0,4,2021-07-26 23:09:30
bike,0,493.0,4,2021-07-12 12:43:25
bike,0,303.0,4,2021-07-05 18:20:14
bike,0,404.0,4,2021-07-26 11:16:56
bike,0,310.0,4,2021-07-26 16:42:49
bike,0,263.0,4,2021-07-19 22:48:49
bike,0,649.0,4,2021-07-19 19:22:59
bike,0,244.0,4,2021-07-26 14:17:38
bike,0,1314.0,4,2021-07-26 13:38:11
bike,0,823.0,4,2021-07-26 17:29:01
bike,0,1031.0,4,2021-07-12 09:02:49
bike,0,1782.0,4,2021-07-26 19:24:35
bike,0,847.0,4,2021-07-26 22:30:41
bike,0,831.0,4,2021-07-26 21:03:15
bike,0,915.0,4,2021-07-05 11:01:08
bike,0,795.0,4,2021-07-05 00:09:14
bike,0,829.0,4,2021-07-12 08:31:05
bike,0,1622.0,4,2021-07-19 17:12:44
bike,0,924.0,4,2021-07-26 17:05:26
bike,0,855.0,4,2021-07-05 08:31:42
bike,0,1043.0,4,2021-07-05 13:59:09
bike,0,883.0,4,2021-07-19 18:18:07
bike,0,2638.0,4,2021-07-19 23:05:56
bike,0,1794.0,4,2021-07-19 22:10:57
bike,0,1904.0,4,2021-07-19 23:18:15
bike,0,2647.0,4,2021-07-05 21:14:51
bike,0,1263.0,4,2021-07-19 07:22:52
bike,0,2097.0,4,2021-07-19 10:47:54
bike,0,291.0,4,2021-07-26 19:54:27
bike,0,313.0,4,2021-07-05 13:38:09
bike,0,242.0,4,2021-07-19 16:31:45
bike,0,839.0,4,2021-07-19 08:40:12
bike,0,1049.0,4,2021-07-19 10:04:47
bike,0,431.0,4,2021-07-05 09:50:51
bike,0,1219.0,4,2021-07-26 07:21:29
bike,0,1462.0,4,2021-07-05 21:58:22
bike,0,1365.0,4,2021-07-12 08:36:54
bike,0,759.0,4,2021-07-19 08:12:54
bike,0,826.0,4,2021-07-26 08:15:28
bike,0,403.0,4,2021-07-26 12:02:01
bike,0,353.0,4,2021-07-26 21:58:19
bike,0,401.0,4,2021-07-26 12:01:56
bike,0,1395.0,4,2021-07-05 09:53:33
bike,0,328.0,4,2021-07-12 18:39:07
bike,0,1466.0,4,2021-07-05 21:58:12
bike,0,1066.0,4,2021-07-12 16:44:36
bike,0,235.0,4,2021-07-12 18:29:43
bike,0,1033.0,4,2021-07-12 08:17:24
bike,0,771.0,4,2021-07-26 17:46:18
bike,0,1061.0,4,2021-07-19 08:33:16
bike,0,1423.0,4,2021-07-19 09:04:09
bike,0,461.0,4,2021-07-19 20:08:31
bike,0,378.0,4,2021-07-12 15:17:24
bike,0,487.0,4,2021-07-19 17:24:27
bike,0,405.0,4,2021-07-19 21:18:22
bike,0,348.0,4,2021-07-12 23:43:01
bike,0,332.0,4,2021-07-05 14:31:59
bike,0,467.0,4,2021-07-19 12:47:18
bike,0,633.0,4,2021-07-12 16:52:51
bike,0,575.0,4,2021-07-05 16:50:05
bike,0,412.0,4,2021-07-26 21:14:59
bike,0,418.0,4,2021-07-26 17:08:26
bike,0,269.0,4,2021-07-12 08:04:38
bike,0,582.0,4,2021-07-26 13:00:22
bike,0,1000.0,4,2021-07-26 08:43:14
bike,0,915.0,4,2021-07-12 19:25:42
bike,0,291.0,4,2021-07-26 16:26:31
bike,0,253.0,4,2021-07-05 14:33:23
bike,0,248.0,4,2021-07-19 09:04:18
bike,0,343.0,4,2021-07-05 23:25:03
bike,0,461.0,4,2021-07-26 16:56:04
bike,0,541.0,4,2021-07-19 12:26:01
bike,0,323.0,4,2021-07-26 10:14:05
bike,0,1227.0,4,2021-07-26 19:35:43
bike,0,571.0,4,2021-07-05 12:21:46
bike,0,1226.0,4,2021-07-26 19:35:43
bike,0,645.0,4,2021-07-05 11:03:44
bike,0,306.0,4,2021-07-26 19:12:09
bike,0,569.0,4,2021-07-19 16:12:47
bike,0,350.0,4,2021-07-12 06:46:31
bike,0,402.0,4,2021-07-19 23:36:33
bike,0,434.0,4,2021-07-12 11:04:07
bike,0,284.0,4,2021-07-12 23:45:51
bike,0,304.0,4,2021-07-26 11:34:49
bike,0,1553.0,4,2021-07-05 11:59:36
bike,0,309.0,4,2021-07-12 08:39:13
bike,0,303.0,4,2021-07-19 09:28:12
bike,0,386.0,4,2021-07-12 08:37:37
bike,0,1098.0,4,2021-07-12 13:13:22
bike,0,974.0,4,2021-07-05 09:29:26
bike,0,448.0,4,2021-07-19 20:08:46
bike,0,329.0,4,2021-07-12 06:28:53
bike,0,339.0,4,2021-07-12 15:27:06
bike,0,383.0,4,2021-07-26 18:41:35
bike,0,450.0,4,2021-07-19 09:47:18
bike,0,326.0,4,2021-07-05 00:42:57
bike,0,1048.0,4,2021-07-26 09:41:55
bike,0,1884.0,4,2021-07-05 15:22:53
bike,0,1338.0,4,2021-07-26 17:50:54
bike,0,291.0,4,2021-07-19 17:26:26
bike,0,804.0,4,2021-07-12 12:27:16
bike,0,2870.0,4,2021-07-26 18:11:38
bike,0,1813.0,4,2021-07-19 11:25:10
bike,0,279.0,4,2021-07-26 10:53:02
bike,0,293.0,4,2021-07-05 10:23:31
bike,0,2465.0,4,2021-07-19 12:47:17
bike,0,1798.0,4,2021-07-12 09:07:23
bike,0,262.0,4,2021-07-12 17:37:15
bike,0,362.0,4,2021-07-12 11:07:01
bike,0,513.0,4,2021-07-12 21:38:00
bike,0,1578.0,4,2021-07-26 21:19:07
bike,0,864.0,4,2021-07-19 17:03:02
bike,0,857.0,4,2021-07-19 16:36:37
bike,0,963.0,4,2021-07-26 13:14:26
bike,0,395.0,4,2021-07-19 07:53:30
bike,0,2886.0,4,2021-07-26 18:11:38
bike,0,1822.0,4,2021-07-19 11:25:13
bike,0,314.0,4,2021-07-05 18:20:01
bike,0,2022.0,4,2021-07-26 11:56:04
bike,0,358.0,4,2021-07-12 12:59:47
bike,0,1348.0,4,2021-07-12 09:30:34
bike,0,782.0,4,2021-07-05 06:45:07
bike,0,2760.0,4,2021-07-05 09:33:15
bike,0,277.0,4,2021-07-12 10:43:25
bike,0,280.0,4,2021-07-19 11:29:27
bike,0,1104.0,4,2021-07-19 18:17:28
bike,0,400.0,4,2021-07-05 08:19:45
bike,0,412.0,4,2021-07-19 20:08:03
bike,0,456.0,4,2021-07-19 18:31:38
bike,0,1232.0,4,2021-07-19 18:05:03
bike,0,801.0,4,2021-07-26 13:45:23
bike,0,1504.0,4,2021-07-26 19:43:38
bike,0,392.0,4,2021-07-05 12:23:03
bike,0,1664.0,4,2021-07-26 23:00:48
bike,0,808.0,4,2021-07-26 07:56:16
bike,0,2023.0,4,2021-07-19 18:48:04
bike,0,819.0,4,2021-07-05 12:21:42
bike,0,2240.0,4,2021-07-26 12:22:37
bike,0,1340.0,4,2021-07-12 20:19:09
bike,0,815.0,4,2021-07-19 07:57:09
bike,0,2644.0,4,2021-07-05 09:35:00
bike,0,615.0,4,2021-07-19 09:00:29
bike,0,317.0,4,2021-07-19 08:01:06
bike,0,315.0,4,2021-07-12 19:00:37
bike,0,461.0,4,2021-07-19 23:05:26
bike,0,252.0,4,2021-07-19 15:16:49
bike,0,313.0,4,2021-07-26 17:59:36
bike,0,381.0,4,2021-07-12 06:33:58
bike,0,1343.0,4,2021-07-12 17:18:18
bike,0,1334.0,4,2021-07-12 17:57:34
bike,0,1443.0,4,2021-07-12 17:16:39
bike,0,1400.0,4,2021-07-26 14:57:06
bike,0,1038.0,4,2021-07-12 23:05:42
bike,0,1177.0,4,2021-07-12 18:16:22
bike,0,911.0,4,2021-07-26 14:12:52
bike,0,880.0,4,2021-07-19 19:30:43
bike,0,595.0,4,2021-07-05 11:36:09
bike,0,338.0,4,2021-07-26 08:51:50
bike,0,1429.0,4,2021-07-19 07:34:03
bike,0,376.0,4,2021-07-19 20:13:09
bike,0,149.0,4,2021-07-26 17:34:43
bike,0,299.0,4,2021-07-26 13:55:03
bike,0,214.0,4,2021-07-12 18:24:26
bike,0,150.0,4,2021-07-26 17:19:26
bike,0,1455.0,4,2021-07-19 23:09:31
bike,0,648.0,4,2021-07-19 15:52:54
bike,0,656.0,4,2021-07-05 12:23:48
bike,0,210.0,4,2021-07-19 07:23:39
bike,0,538.0,4,2021-07-05 03:41:09
bike,0,317.0,4,2021-07-26 06:34:14
bike,0,169.0,4,2021-07-12 10:10:30
bike,0,286.0,4,2021-07-12 08:30:00
bike,0,3926.0,4,2021-07-26 21:32:21
bike,0,565.0,4,2021-07-19 03:31:20
bike,0,515.0,4,2021-07-05 19:20:02
bike,0,926.0,4,2021-07-05 17:37:29
bike,0,923.0,4,2021-07-05 17:37:40
bike,0,1110.0,4,2021-07-26 10:14:31
bike,0,505.0,4,2021-07-05 17:26:54
bike,0,529.0,4,2021-07-26 05:46:39
bike,0,735.0,4,2021-07-12 11:57:48
bike,0,686.0,4,2021-07-19 17:49:27
bike,0,769.0,4,2021-07-12 08:17:42
bike,0,597.0,4,2021-07-12 10:31:51
bike,0,643.0,4,2021-07-19 22:26:29
bike,0,1051.0,4,2021-07-05 10:20:51
bike,0,1175.0,4,2021-07-12 09:46:24
bike,0,801.0,4,2021-07-26 08:14:15
bike,0,2301.0,4,2021-07-19 18:45:05
bike,0,473.0,4,2021-07-26 07:40:01
bike,0,482.0,4,2021-07-19 07:35:53
bike,0,840.0,4,2021-07-05 08:34:39
bike,0,701.0,4,2021-07-05 13:24:33
bike,0,639.0,4,2021-07-26 21:12:03
bike,0,923.0,4,2021-07-05 17:37:40
bike,0,845.0,4,2021-07-19 09:14:05
bike,0,945.0,4,2021-07-26 16:31:28
bike,0,750.0,4,2021-07-12 17:46:42
bike,0,773.0,4,2021-07-19 14:03:20
bike,0,800.0,4,2021-07-19 16:10:59
bike,0,637.0,4,2021-07-26 10:24:55
bike,0,516.0,4,2021-07-05 18:16:25
bike,0,1245.0,4,2021-07-12 18:18:10
bike,0,799.0,4,2021-07-12 16:35:48
bike,0,700.0,4,2021-07-26 12:24:23
bike,0,682.0,4,2021-07-26 10:07:05
bike,0,242.0,4,2021-07-26 20:09:49
bike,0,778.0,4,2021-07-12 16:18:07
bike,0,253.0,4,2021-07-26 20:09:41
bike,0,185.0,4,2021-07-05 18:41:29
bike,0,261.0,4,2021-07-05 16:18:11
bike,0,219.0,4,2021-07-12 12:44:52
bike,0,261.0,4,2021-07-12 08:31:12
bike,0,209.0,4,2021-07-19 08:53:06
bike,0,116.0,4,2021-07-05 14:00:52
bike,0,2603.0,4,2021-07-19 15:37:31
bike,0,110.0,4,2021-07-26 20:36:55
bike,0,253.0,4,2021-07-19 17:00:13
bike,0,279.0,4,2021-07-19 12:05:03
bike,0,3064.0,4,2021-07-26 12:18:21
bike,0,181.0,4,2021-07-05 08:39:25
bike,0,310.0,4,2021-07-05 19:21:27
bike,0,287.0,4,2021-07-26 21:50:46
bike,0,816.0,4,2021-07-12 19:28:28
bike,0,804.0,4,2021-07-12 19:28:28
bike,0,728.0,4,2021-07-12 19:45:52
bike,0,620.0,4,2021-07-26 20:12:58
bike,0,763.0,4,2021-07-12 18:01:05
bike,0,575.0,4,2021-07-12 00:37:25
bike,0,665.0,4,2021-07-26 07:50:00
bike,0,2012.0,4,2021-07-12 10:12:06
bike,0,1386.0,4,2021-07-26 16:27:42
bike,0,1309.0,4,2021-07-26 21:24:32
bike,0,2081.0,4,2021-07-19 15:39:06
bike,0,1332.0,4,2021-07-05 10:12:35
bike,0,1335.0,4,2021-07-12 10:10:30
bike,0,1191.0,4,2021-07-19 17:42:45
bike,0,451.0,4,2021-07-19 21:22:10
bike,0,218.0,4,2021-07-19 07:08:27
bike,0,257.0,4,2021-07-12 07:10:16
bike,0,265.0,4,2021-07-19 16:25:39
bike,0,373.0,4,2021-07-12 19:41:55
bike,0,378.0,4,2021-07-26 19:31:03
bike,0,226.0,4,2021-07-26 07:07:01
bike,0,302.0,4,2021-07-12 13:04:53
bike,0,208.0,4,2021-07-05 12:45:37
bike,0,281.0,4,2021-07-19 19:33:01
bike,0,271.0,4,2021-07-19 12:47:44
bike,0,457.0,4,2021-07-12 07:59:16
bike,0,256.0,4,2021-07-12 19:51:19
bike,0,279.0,4,2021-07-26 13:01:22
bike,0,226.0,4,2021-07-05 07:08:19
bike,0,408.0,4,2021-07-26 08:06:58
bike,0,1274.0,4,2021-07-19 18:58:09
bike,0,1831.0,4,2021-07-26 19:09:34
bike,0,1162.0,4,2021-07-05 02:20:40
bike,0,413.0,4,2021-07-19 09:32:58
bike,0,296.0,4,2021-07-12 18:35:51
bike,0,273.0,4,2021-07-12 18:36:14
bike,0,1331.0,4,2021-07-19 19:23:42
bike,0,230.0,4,2021-07-26 17:23:35
bike,0,887.0,4,2021-07-05 19:41:02
bike,0,1268.0,4,2021-07-26 17:21:24
bike,0,3086.0,4,2021-07-12 18:25:22
bike,0,1901.0,4,2021-07-12 21:29:55
bike,0,543.0,4,2021-07-12 03:45:18
bike,0,2420.0,4,2021-07-05 15:22:48
bike,0,692.0,4,2021-07-26 07:48:20
bike,0,521.0,4,2021-07-26 15:13:10
bike,0,2000.0,4,2021-07-05 15:22:14
bike,0,596.0,4,2021-07-05 22:07:38
bike,0,581.0,4,2021-07-26 11:17:05
bike,0,593.0,4,2021-07-19 13:17:12
bike,0,548.0,4,2021-07-12 17:56:52
bike,0,1436.0,4,2021-07-12 10:22:15
bike,0,790.0,4,2021-07-05 10:10:22
bike,0,636.0,4,2021-07-19 12:35:47
bike,0,123.0,4,2021-07-19 17:54:14
bike,0,152.0,4,2021-07-19 20:00:18
bike,0,349.0,4,2021-07-26 15:57:26
bike,0,1111.0,4,2021-07-19 10:13:01
bike,0,299.0,4,2021-07-12 05:34:45
bike,0,378.0,4,2021-07-26 11:15:33
bike,0,231.0,4,2021-07-05 16:55:24
bike,0,1193.0,4,2021-07-26 18:18:30
bike,0,285.0,4,2021-07-26 07:14:01
bike,0,82.0,4,2021-07-05 10:00:20
bike,0,67.0,4,2021-07-26 10:11:36
bike,0,256.0,4,2021-07-12 09:49:17
bike,0,774.0,4,2021-07-05 17:19:14
bike,0,330.0,4,2021-07-12 13:43:26
bike,0,2965.0,4,2021-07-12 12:36:32
bike,0,221.0,4,2021-07-12 12:27:02
bike,0,742.0,4,2021-07-12 08:01:25
bike,0,2432.0,4,2021-07-05 17:31:21
bike,0,264.0,4,2021-07-12 14:37:24
bike,0,311.0,4,2021-07-19 14:04:48
bike,0,66.0,4,2021-07-05 20:44:02
bike,0,83.0,4,2021-07-26 09:08:33
bike,0,732.0,4,2021-07-12 00:50:28
bike,0,61.0,4,2021-07-26 13:16:26
bike,0,278.0,4,2021-07-05 17:21:16
bike,0,54.0,4,2021-07-05 13:17:26
bike,0,826.0,4,2021-07-19 18:37:18
bike,0,390.0,4,2021-07-26 11:15:50
bike,0,361.0,4,2021-07-05 15:58:21
bike,0,1582.0,4,2021-07-12 11:42:08
bike,0,276.0,4,2021-07-26 18:15:22
bike,0,511.0,4,2021-07-26 07:38:40
bike,0,279.0,4,2021-07-05 16:22:55
bike,0,588.0,4,2021-07-12 19:58:24
bike,0,819.0,4,2021-07-05 14:40:56
bike,0,235.0,4,2021-07-12 19:25:28
bike,0,429.0,4,2021-07-05 15:56:32
bike,0,297.0,4,2021-07-26 13:57:34
bike,0,1734.0,4,2021-07-26 05:50:31
bike,0,291.0,4,2021-07-19 17:39:21
bike,0,260.0,4,2021-07-19 07:17:57
bike,0,324.0,4,2021-07-19 13:29:16
bike,0,324.0,4,2021-07-26 14:49:47
bike,0,59.0,4,2021-07-19 07:43:58
bike,0,642.0,4,2021-07-19 10:24:55
bike,0,298.0,4,2021-07-26 09:51:15
bike,0,290.0,4,2021-07-12 14:24:52
bike,0,488.0,4,2021-07-26 15:38:18
bike,0,1894.0,4,2021-07-05 05:20:55
bike,0,234.0,4,2021-07-26 09:20:46
bike,0,92.0,4,2021-07-26 20:47:09
bike,0,97.0,4,2021-07-26 20:42:54
bike,0,443.0,4,2021-07-05 17:04:35
bike,0,1027.0,4,2021-07-05 11:53:43
bike,0,789.0,4,2021-07-12 10:42:14
bike,0,348.0,4,2021-07-05 14:40:25
bike,0,402.0,4,2021-07-12 08:26:43
bike,0,1694.0,4,2021-07-05 11:53:18
bike,0,663.0,4,2021-07-05 12:39:36
bike,0,1008.0,4,2021-07-12 20:05:05
bike,0,692.0,4,2021-07-26 18:46:41
bike,0,727.0,4,2021-07-26 17:40:06
bike,0,522.0,4,2021-07-19 22:45:08
bike,0,1976.0,4,2021-07-12 22:52:09
bike,0,1651.0,4,2021-07-26 13:47:22
bike,0,687.0,4,2021-07-26 11:25:40
bike,0,1539.0,4,2021-07-19 11:11:57
bike,0,1913.0,4,2021-07-19 19:46:51
bike,0,1256.0,4,2021-07-19 08:48:42
bike,0,1143.0,4,2021-07-12 14:40:00
bike,0,708.0,4,2021-07-05 17:28:30
bike,0,1483.0,4,2021-07-12 16:13:01
bike,0,1144.0,4,2021-07-05 14:52:42
bike,0,786.0,4,2021-07-12 20:39:36
bike,0,1694.0,4,2021-07-12 20:57:26
bike,0,1552.0,4,2021-07-26 08:10:10
bike,0,2062.0,4,2021-07-12 18:21:44
bike,0,737.0,4,2021-07-05 13:00:20
bike,0,650.0,4,2021-07-26 05:59:21
bike,0,602.0,4,2021-07-19 06:13:48
bike,0,1289.0,4,2021-07-12 18:22:24
bike,0,1252.0,4,2021-07-26 15:51:16
bike,0,1035.0,4,2021-07-05 15:12:17
bike,0,698.0,4,2021-07-12 20:30:56
bike,0,986.0,4,2021-07-05 10:35:07
bike,0,3369.0,4,2021-07-12 19:24:06
bike,0,1336.0,4,2021-07-19 08:35:14
bike,0,582.0,4,2021-07-12 05:50:08
bike,0,1449.0,4,2021-07-26 07:43:34
bike,0,859.0,4,2021-07-26 09:40:52
bike,0,772.0,4,2021-07-05 17:27:28
bike,0,842.0,4,2021-07-19 16:04:13
bike,0,1389.0,4,2021-07-19 18:52:05
bike,0,1717.0,4,2021-07-19 18:46:48
bike,0,393.0,4,2021-07-19 17:58:50
bike,0,1181.0,4,2021-07-05 16:00:47
bike,0,573.0,4,2021-07-19 18:47:45
bike,0,986.0,4,2021-07-26 09:44:02
bike,0,926.0,4,2021-07-05 16:40:16
bike,0,791.0,4,2021-07-12 09:20:44
bike,0,2215.0,4,2021-07-12 19:41:43
bike,0,1207.0,4,2021-07-05 16:32:08
bike,0,1589.0,4,2021-07-26 19:31:53
bike,0,1272.0,4,2021-07-05 18:17:31
bike,0,1252.0,4,2021-07-05 10:41:08
bike,0,1157.0,4,2021-07-12 06:10:42
bike,0,1021.0,4,2021-07-12 11:46:19
bike,0,1453.0,4,2021-07-05 06:15:37
bike,0,1973.0,4,2021-07-12 06:11:40
bike,0,906.0,4,2021-07-05 12:55:55
bike,0,1076.0,4,2021-07-12 14:49:01
bike,0,1259.0,4,2021-07-12 08:53:29
bike,0,1281.0,4,2021-07-19 13:42:24
bike,0,944.0,4,2021-07-19 14:47:42
bike,0,1517.0,4,2021-07-19 19:33:38
bike,0,2238.0,4,2021-07-19 19:21:48
bike,0,5977.0,4,2021-07-05 11:32:07
bike,0,1473.0,4,2021-07-05 12:24:26
bike,0,1498.0,4,2021-07-05 12:24:55
bike,0,224.0,4,2021-07-19 09:37:51
bike,0,239.0,4,2021-07-12 15:28:11
bike,0,255.0,4,2021-07-12 09:32:32
bike,0,259.0,4,2021-07-12 18:50:38
bike,0,1209.0,4,2021-07-26 08:00:35
bike,0,717.0,4,2021-07-26 15:02:46
bike,0,999.0,4,2021-07-19 09:41:02
bike,0,935.0,4,2021-07-05 17:12:33
bike,0,1138.0,4,2021-07-05 10:26:36
bike,0,807.0,4,2021-07-19 16:57:12
bike,0,799.0,4,2021-07-19 16:57:21
bike,0,1151.0,4,2021-07-05 10:26:16
bike,0,1639.0,4,2021-07-05 19:26:25
bike,0,1121.0,4,2021-07-26 10:46:42
bike,0,167.0,4,2021-07-05 13:23:33
bike,0,146.0,4,2021-07-12 17:01:44
bike,0,183.0,4,2021-07-19 12:37:06
bike,0,109.0,4,2021-07-05 10:54:58
bike,0,208.0,4,2021-07-26 16:16:08
bike,0,214.0,4,2021-07-26 18:56:35
bike,0,150.0,4,2021-07-05 09:43:27
bike,0,1192.0,4,2021-07-05 15:07:09
bike,0,1526.0,4,2021-07-12 16:33:28
bike,0,981.0,4,2021-07-19 08:20:10
bike,0,545.0,4,2021-07-05 18:24:01
bike,0,537.0,4,2021-07-12 09:08:51
bike,0,514.0,4,2021-07-19 14:16:01
bike,0,415.0,4,2021-07-26 14:15:56
bike,0,806.0,4,2021-07-05 11:26:31
bike,0,1235.0,4,2021-07-19 17:16:07
bike,0,451.0,4,2021-07-19 09:12:11
bike,0,1339.0,4,2021-07-12 12:06:53
bike,0,565.0,4,2021-07-12 18:27:10
bike,0,706.0,4,2021-07-05 08:50:21
bike,0,1199.0,4,2021-07-05 09:25:22
bike,0,851.0,4,2021-07-05 10:28:41
bike,0,634.0,4,2021-07-12 13:16:08
bike,0,1190.0,4,2021-07-12 10:23:35
bike,0,211.0,4,2021-07-12 12:07:27
bike,0,183.0,4,2021-07-05 12:06:09
bike,0,560.0,4,2021-07-19 19:27:35
bike,0,1238.0,4,2021-07-12 16:11:22
bike,0,255.0,4,2021-07-19 20:12:17
bike,0,1474.0,4,2021-07-19 16:06:21
bike,0,193.0,4,2021-07-12 08:10:43
bike,0,189.0,4,2021-07-12 08:39:32
bike,0,996.0,4,2021-07-05 13:31:22
bike,0,892.0,4,2021-07-05 13:33:03
bike,0,725.0,4,2021-07-26 14:32:43
bike,0,383.0,4,2021-07-26 17:11:35
bike,0,468.0,4,2021-07-26 11:43:09
bike,0,979.0,4,2021-07-19 19:58:21
bike,0,421.0,4,2021-07-19 12:43:32
bike,0,530.0,4,2021-07-12 12:04:16
bike,0,2640.0,4,2021-07-05 16:12:18
bike,0,572.0,4,2021-07-26 17:54:10
bike,0,542.0,4,2021-07-12 13:50:08
bike,0,1702.0,4,2021-07-19 11:06:25
bike,0,428.0,4,2021-07-05 18:06:01
bike,0,771.0,4,2021-07-19 14:35:50
bike,0,357.0,4,2021-07-19 16:04:09
bike,0,563.0,4,2021-07-05 18:18:11
bike,0,472.0,4,2021-07-19 11:32:37
bike,0,361.0,4,2021-07-12 18:46:58
bike,0,759.0,4,2021-07-19 17:36:09
bike,0,1474.0,4,2021-07-19 23:26:04
bike,0,884.0,4,2021-07-05 21:37:43
bike,0,1004.0,4,2021-07-26 20:33:47
bike,0,207.0,4,2021-07-12 07:33:25
bike,0,578.0,4,2021-07-12 20:57:24
bike,0,151.0,4,2021-07-19 15:11:34
bike,0,268.0,4,2021-07-05 11:12:36
bike,0,247.0,4,2021-07-19 09:08:57
bike,0,318.0,4,2021-07-26 22:56:06
bike,0,821.0,4,2021-07-05 23:31:05
bike,0,1539.0,4,2021-07-12 18:24:42
bike,0,459.0,4,2021-07-19 10:35:38
bike,0,592.0,4,2021-07-26 19:30:40
bike,0,976.0,4,2021-07-12 09:24:26
bike,0,1354.0,4,2021-07-05 11:24:35
bike,0,764.0,4,2021-07-26 09:08:13
bike,0,830.0,4,2021-07-12 08:44:12
bike,0,2183.0,4,2021-07-26 14:36:55
bike,0,937.0,4,2021-07-19 06:52:47
bike,0,1426.0,4,2021-07-05 19:17:59
bike,0,761.0,4,2021-07-26 22:06:51
bike,0,1378.0,4,2021-07-12 11:56:25
bike,0,1060.0,4,2021-07-12 09:16:15
bike,0,602.0,4,2021-07-12 18:45:21
bike,0,3158.0,4,2021-07-12 00:15:07
bike,0,386.0,4,2021-07-19 18:49:25
bike,0,411.0,4,2021-07-26 18:22:38
bike,0,392.0,4,2021-07-26 08:16:53
bike,0,2549.0,4,2021-07-19 17:11:58
bike,0,491.0,4,2021-07-12 09:23:34
bike,0,928.0,4,2021-07-12 05:30:57
bike,0,896.0,4,2021-07-05 17:08:41
bike,0,2858.0,4,2021-07-05 19:41:36
bike,0,1685.0,4,2021-07-26 18:44:05
bike,0,1045.0,4,2021-07-19 15:43:43
bike,0,362.0,4,2021-07-05 20:06:04
bike,0,908.0,4,2021-07-26 11:25:50
bike,0,2775.0,4,2021-07-19 12:51:21
bike,0,1051.0,4,2021-07-19 00:13:26
bike,0,1759.0,4,2021-07-26 16:47:00
bike,0,1722.0,4,2021-07-26 11:54:00
bike,0,2075.0,4,2021-07-19 09:28:39
bike,0,1246.0,4,2021-07-12 10:06:15
bike,0,565.0,4,2021-07-19 07:15:33
bike,0,751.0,4,2021-07-05 22:11:37
bike,0,1048.0,4,2021-07-26 08:59:54
bike,0,1030.0,4,2021-07-12 09:01:29
bike,0,764.0,4,2021-07-05 22:11:23
bike,0,678.0,4,2021-07-05 23:02:05
bike,0,1063.0,4,2021-07-12 15:33:22
bike,0,1548.0,4,2021-07-19 14:43:20
bike,0,718.0,4,2021-07-05 09:50:51
bike,0,851.0,4,2021-07-19 09:18:47
bike,0,562.0,4,2021-07-05 08:01:31
bike,0,912.0,4,2021-07-12 14:49:11
bike,0,1471.0,4,2021-07-26 16:13:54
bike,0,651.0,4,2021-07-26 07:32:00
bike,0,823.0,4,2021-07-05 12:33:52
bike,0,1346.0,4,2021-07-19 17:38:18
bike,0,1180.0,4,2021-07-12 04:44:01
bike,0,5004.0,4,2021-07-05 19:47:21
bike,0,4990.0,4,2021-07-05 19:47:53
bike,0,1184.0,4,2021-07-05 17:48:48
bike,0,1561.0,4,2021-07-19 23:56:26
bike,0,654.0,4,2021-07-26 19:41:47
bike,0,497.0,4,2021-07-26 11:53:35
bike,0,475.0,4,2021-07-05 13:22:21
bike,0,551.0,4,2021-07-05 07:58:49
bike,0,543.0,4,2021-07-12 00:15:56
bike,0,557.0,4,2021-07-05 06:14:50
bike,0,623.0,4,2021-07-26 07:45:14
bike,0,756.0,4,2021-07-12 07:32:47
bike,0,538.0,4,2021-07-19 06:14:46
bike,0,943.0,4,2021-07-12 12:21:39
bike,0,517.0,4,2021-07-19 15:04:40
bike,0,2485.0,4,2021-07-12 23:45:41
bike,0,489.0,4,2021-07-05 09:18:22
bike,0,885.0,4,2021-07-12 21:31:35
bike,0,1349.0,4,2021-07-19 05:52:00
bike,0,1226.0,4,2021-07-12 05:57:21
bike,0,769.0,4,2021-07-26 07:35:02
bike,0,720.0,4,2021-07-19 07:33:05
bike,0,839.0,4,2021-07-26 18:07:40
bike,0,720.0,4,2021-07-19 21:17:42
bike,0,522.0,4,2021-07-26 09:01:51
bike,0,311.0,4,2021-07-05 20:53:51
bike,0,613.0,4,2021-07-12 23:21:10
bike,0,576.0,4,2021-07-19 15:03:54
bike,0,534.0,4,2021-07-26 18:46:03
bike,0,1638.0,4,2021-07-19 23:55:25
bike,0,1013.0,4,2021-07-05 18:13:04
bike,0,707.0,4,2021-07-19 02:01:41
bike,0,1362.0,4,2021-07-05 17:56:07
bike,0,1760.0,4,2021-07-05 16:15:32
bike,0,1812.0,4,2021-07-05 16:14:26
bike,0,1683.0,4,2021-07-05 16:16:40
bike,0,335.0,4,2021-07-05 00:46:37
bike,0,633.0,4,2021-07-12 20:14:57
bike,0,443.0,4,2021-07-19 19:35:18
bike,0,1189.0,4,2021-07-26 18:49:27
bike,0,1247.0,4,2021-07-26 18:48:31
bike,0,465.0,4,2021-07-19 09:26:08
bike,0,393.0,4,2021-07-19 17:27:07
bike,0,1403.0,4,2021-07-05 14:45:17
bike,0,979.0,4,2021-07-12 08:24:06
bike,0,1023.0,4,2021-07-19 20:16:46
bike,0,607.0,4,2021-07-26 15:36:59
bike,0,673.0,4,2021-07-12 18:18:00
bike,0,475.0,4,2021-07-12 08:08:04
bike,0,545.0,4,2021-07-26 15:26:53
bike,0,307.0,4,2021-07-19 14:40:09
bike,0,566.0,4,2021-07-19 12:04:56
bike,0,724.0,4,2021-07-19 20:04:02
bike,0,584.0,4,2021-07-12 14:32:17
bike,0,325.0,4,2021-07-26 08:46:21
bike,0,314.0,4,2021-07-26 19:37:33
bike,0,535.0,4,2021-07-12 09:55:14
bike,0,564.0,4,2021-07-05 19:59:40
bike,0,1876.0,4,2021-07-12 16:44:04
bike,0,447.0,4,2021-07-19 15:04:09
bike,0,480.0,4,2021-07-26 09:48:03
bike,0,598.0,4,2021-07-19 12:07:09
bike,0,436.0,4,2021-07-12 14:58:38
bike,0,236.0,4,2021-07-12 20:24:49
bike,0,555.0,4,2021-07-19 20:02:57
bike,0,245.0,4,2021-07-19 16:59:03
bike,0,632.0,4,2021-07-05 15:43:39
bike,0,466.0,4,2021-07-26 12:09:47
bike,0,643.0,4,2021-07-12 15:15:43
bike,0,536.0,4,2021-07-19 17:42:47
bike,0,416.0,4,2021-07-12 15:55:09
bike,0,481.0,4,2021-07-19 19:25:58
bike,0,230.0,4,2021-07-05 22:27:37
bike,0,525.0,4,2021-07-19 13:52:18
bike,0,641.0,4,2021-07-26 11:21:11
bike,0,300.0,4,2021-07-26 17:46:37
bike,0,420.0,4,2021-07-19 07:56:42
bike,0,389.0,4,2021-07-26 07:58:46
bike,0,355.0,4,2021-07-26 21:27:17
bike,0,346.0,4,2021-07-19 20:00:42
bike,0,277.0,4,2021-07-26 13:31:52
bike,0,748.0,4,2021-07-26 16:39:13
bike,0,755.0,4,2021-07-05 14:15:03
bike,0,410.0,4,2021-07-26 20:10:05
bike,0,498.0,4,2021-07-12 08:58:36
bike,0,1893.0,4,2021-07-12 16:43:22
bike,0,1058.0,4,2021-07-05 09:32:56
bike,0,963.0,4,2021-07-05 09:33:16
bike,0,242.0,4,2021-07-26 19:10:33
bike,0,592.0,4,2021-07-12 20:22:29
bike,0,269.0,4,2021-07-05 15:10:27
bike,0,647.0,4,2021-07-12 12:50:08
bike,0,354.0,4,2021-07-12 07:41:16
bike,0,376.0,4,2021-07-26 13:22:55
bike,0,1450.0,4,2021-07-19 12:00:53
bike,0,441.0,4,2021-07-19 10:49:56
bike,0,441.0,4,2021-07-12 16:59:22
bike,0,1078.0,4,2021-07-19 20:30:58
bike,0,1014.0,4,2021-07-19 20:15:51
bike,0,1022.0,4,2021-07-19 06:42:49
bike,0,1023.0,4,2021-07-12 15:50:20
bike,0,893.0,4,2021-07-05 10:04:57
bike,0,361.0,4,2021-07-12 08:20:47
bike,0,934.0,4,2021-07-26 09:41:26
bike,0,931.0,4,2021-07-19 09:36:09
bike,0,1012.0,4,2021-07-19 10:37:34
bike,0,751.0,4,2021-07-19 11:13:20
bike,0,980.0,4,2021-07-12 10:23:04
bike,0,229.0,4,2021-07-12 21:16:06
bike,0,320.0,4,2021-07-26 12:33:07
bike,0,898.0,4,2021-07-05 09:32:11
bike,0,621.0,4,2021-07-26 09:48:24
bike,0,487.0,4,2021-07-19 05:48:35
bike,0,422.0,4,2021-07-19 08:13:59
bike,0,164.0,4,2021-07-05 12:59:02
bike,0,561.0,4,2021-07-19 08:42:57
bike,0,748.0,4,2021-07-26 08:25:07
bike,0,571.0,4,2021-07-12 09:49:45
bike,0,573.0,4,2021-07-12 16:15:43
bike,0,640.0,4,2021-07-19 09:46:40
bike,0,538.0,4,2021-07-26 16:22:03
bike,0,598.0,4,2021-07-05 16:11:01
bike,0,771.0,4,2021-07-26 10:33:14
bike,0,466.0,4,2021-07-12 08:40:13
bike,0,403.0,4,2021-07-19 14:15:35
bike,0,1050.0,4,2021-07-26 17:47:14
bike,0,498.0,4,2021-07-12 11:27:22
bike,0,424.0,4,2021-07-12 09:05:00
bike,0,794.0,4,2021-07-12 16:08:31
bike,0,707.0,4,2021-07-19 15:51:55
bike,0,664.0,4,2021-07-26 20:15:21
bike,0,1742.0,4,2021-07-05 14:40:40
bike,0,202.0,4,2021-07-12 17:16:50
bike,0,200.0,4,2021-07-12 17:34:35
bike,0,290.0,4,2021-07-05 17:30:46
bike,0,193.0,4,2021-07-19 17:23:16
bike,0,277.0,4,2021-07-12 11:07:00
bike,0,330.0,4,2021-07-12 10:06:21
bike,0,901.0,4,2021-07-26 08:15:06
bike,0,341.0,4,2021-07-19 17:25:54
bike,0,225.0,4,2021-07-19 17:48:42
bike,0,234.0,4,2021-07-26 17:24:07
bike,0,331.0,4,2021-07-12 12:36:44
bike,0,347.0,4,2021-07-19 12:05:42
bike,0,491.0,4,2021-07-26 19:46:21
bike,0,365.0,4,2021-07-12 22:28:48
bike,0,949.0,4,2021-07-26 21:09:07
bike,0,1462.0,4,2021-07-19 18:34:44
bike,0,739.0,4,2021-07-19 20:38:37
bike,0,530.0,4,2021-07-26 17:28:44
bike,0,356.0,4,2021-07-26 07:36:27
bike,0,1159.0,4,2021-07-12 14:35:59
bike,0,68.0,4,2021-07-26 15:10:21
bike,0,95.0,4,2021-07-26 21:07:36
bike,0,638.0,4,2021-07-05 03:21:43
bike,0,2526.0,4,2021-07-26 14:19:58
bike,0,913.0,4,2021-07-12 18:24:46
bike,0,321.0,4,2021-07-12 02:19:26
bike,0,49.0,4,2021-07-12 00:13:22
bike,0,712.0,4,2021-07-26 12:23:12
bike,0,16.0,4,2021-07-12 11:51:29
bike,0,1537.0,4,2021-07-26 19:43:44
bike,0,1995.0,4,2021-07-26 08:54:25
bike,0,29.0,4,2021-07-12 19:20:57
bike,0,757.0,4,2021-07-19 15:12:52
bike,0,1437.0,4,2021-07-19 14:31:52
bike,0,559.0,4,2021-07-05 10:39:58
bike,0,28.0,4,2021-07-05 17:07:54
bike,0,1273.0,4,2021-07-12 10:31:57
bike,0,654.0,4,2021-07-26 21:16:52
bike,0,9.0,4,2021-07-05 11:25:52
bike,0,3489.0,4,2021-07-12 03:13:15
bike,0,645.0,4,2021-07-05 08:53:51
bike,0,45.0,4,2021-07-12 00:49:19
bike,0,859.0,4,2021-07-19 22:36:30
bike,0,129.0,4,2021-07-05 20:03:31
bike,0,1509.0,4,2021-07-26 19:44:03
bike,0,73.0,4,2021-07-12 16:09:03
bike,0,20.0,4,2021-07-12 18:50:05
bike,0,716.0,4,2021-07-19 11:14:24
bike,0,2169.0,4,2021-07-26 23:24:14
bike,0,844.0,4,2021-07-05 08:37:33
bike,0,2386.0,4,2021-07-12 19:44:33
bike,0,5.0,4,2021-07-12 08:33:34
bike,0,1642.0,4,2021-07-05 15:46:16
bike,0,29.0,4,2021-07-26 18:08:33
bike,0,1095.0,4,2021-07-05 16:12:20
bike,0,1514.0,4,2021-07-26 20:09:28
bike,0,149.0,4,2021-07-26 18:10:25
bike,0,97.0,4,2021-07-05 16:30:59
bike,0,1596.0,4,2021-07-19 05:12:38
bike,0,697.0,4,2021-07-26 23:49:24
bike,0,784.0,4,2021-07-26 23:52:22
bike,0,1837.0,4,2021-07-26 13:57:51
bike,0,1656.0,4,2021-07-05 11:29:40
bike,0,324.0,4,2021-07-19 20:26:53
bike,0,290.0,4,2021-07-12 19:45:47
bike,0,1885.0,4,2021-07-05 21:43:40
bike,0,481.0,4,2021-07-26 14:04:17
bike,0,1897.0,4,2021-07-19 14:37:46
bike,0,1234.0,4,2021-07-26 17:17:28
bike,0,1169.0,4,2021-07-19 05:45:22
bike,0,267.0,4,2021-07-05 08:43:01
bike,0,1422.0,4,2021-07-05 04:16:38
bike,0,494.0,4,2021-07-12 20:15:17
bike,0,667.0,4,2021-07-12 11:09:38
bike,0,4062.0,4,2021-07-26 12:27:23
bike,0,1136.0,4,2021-07-19 08:04:52
bike,0,1565.0,4,2021-07-05 18:22:15
bike,0,1462.0,4,2021-07-12 14:19:23
bike,0,914.0,4,2021-07-05 15:08:17
bike,0,937.0,4,2021-07-26 16:16:21
bike,0,1100.0,4,2021-07-19 00:33:19
bike,0,607.0,4,2021-07-19 22:42:14
bike,0,649.0,4,2021-07-19 22:41:23
bike,0,730.0,4,2021-07-05 12:04:36
bike,0,734.0,4,2021-07-26 08:54:13
bike,0,876.0,4,2021-07-26 15:15:43
bike,0,710.0,4,2021-07-26 18:56:55
bike,0,153.0,4,2021-07-12 12:15:20
bike,0,190.0,4,2021-07-12 07:01:32
bike,0,182.0,4,2021-07-12 05:17:59
bike,0,168.0,4,2021-07-26 18:44:18
bike,0,782.0,4,2021-07-26 09:15:42
bike,0,553.0,4,2021-07-12 12:45:33
bike,0,1526.0,4,2021-07-05 16:39:27
bike,0,1777.0,4,2021-07-12 09:16:24
bike,0,221.0,4,2021-07-19 09:56:55
bike,0,196.0,4,2021-07-19 11:14:12
bike,0,861.0,4,2021-07-19 11:49:41
bike,0,215.0,4,2021-07-26 18:44:11
bike,0,916.0,4,2021-07-19 06:39:24
bike,0,1590.0,4,2021-07-12 11:07:35
bike,0,0.0,4,2021-07-12 20:43:03
bike,0,89994.0,4,2021-07-05 08:50:47
bike,0,89995.0,4,2021-07-05 09:34:22
bike,0,745.0,4,2021-07-12 16:58:59
bike,0,974.0,4,2021-07-19 09:17:12
bike,0,1268.0,4,2021-07-26 18:39:59
bike,0,13928.0,4,2021-07-05 04:51:53
bike,0,12044.0,4,2021-07-26 10:28:15
bike,0,89993.0,4,2021-07-05 05:09:21
bike,0,89994.0,4,2021-07-26 18:16:45
bike,0,4001.0,4,2021-07-12 09:10:36
bike,0,811.0,4,2021-07-05 06:28:38
bike,0,957.0,4,2021-07-05 14:50:36
bike,0,610.0,4,2021-07-26 12:30:48
bike,0,685.0,4,2021-07-19 07:23:24
bike,0,632.0,4,2021-07-26 08:57:10
bike,0,1458.0,4,2021-07-05 13:42:34
bike,0,1090.0,4,2021-07-12 14:11:58
bike,0,866.0,4,2021-07-19 18:06:38
bike,0,472.0,4,2021-07-19 12:24:11
bike,0,526.0,4,2021-07-19 12:24:39
bike,0,664.0,4,2021-07-26 17:17:58
bike,0,584.0,4,2021-07-19 19:01:04
bike,0,548.0,4,2021-07-19 06:06:24
bike,0,1029.0,4,2021-07-26 20:52:16
bike,0,996.0,4,2021-07-19 09:37:58
bike,0,614.0,4,2021-07-26 16:27:05
bike,0,662.0,4,2021-07-05 13:07:48
bike,0,424.0,4,2021-07-12 14:41:51
bike,0,332.0,4,2021-07-19 11:21:58
bike,0,623.0,4,2021-07-12 18:40:44
bike,0,359.0,4,2021-07-05 12:21:46
bike,0,646.0,4,2021-07-19 16:27:42
bike,0,299.0,4,2021-07-05 20:19:36
bike,0,471.0,4,2021-07-12 18:27:24
bike,0,3195.0,4,2021-07-05 11:42:35
bike,0,506.0,4,2021-07-05 17:27:54
bike,0,607.0,4,2021-07-05 13:08:47
bike,0,434.0,4,2021-07-26 05:55:56
bike,0,791.0,4,2021-07-12 20:15:56
bike,0,564.0,4,2021-07-19 19:24:14
bike,0,545.0,4,2021-07-26 06:23:01
bike,0,647.0,4,2021-07-05 07:01:45
bike,0,714.0,4,2021-07-12 00:06:08
bike,0,844.0,4,2021-07-12 14:41:19
bike,0,1047.0,4,2021-07-19 22:07:51
bike,0,506.0,4,2021-07-12 08:50:52
bike,0,352.0,4,2021-07-26 20:24:18
bike,0,1360.0,4,2021-07-12 10:43:13
bike,0,605.0,4,2021-07-26 14:08:29
bike,0,1313.0,4,2021-07-26 18:13:47
bike,0,723.0,4,2021-07-05 16:49:14
bike,0,1326.0,4,2021-07-19 19:23:52
bike,0,1604.0,4,2021-07-26 08:24:18
bike,0,1756.0,4,2021-07-26 16:37:19
bike,0,952.0,4,2021-07-12 20:35:58
bike,0,781.0,4,2021-07-19 16:19:14
bike,0,1436.0,4,2021-07-19 20:14:20
bike,0,2123.0,4,2021-07-19 19:32:04
bike,0,1098.0,4,2021-07-26 11:24:02
bike,0,1147.0,4,2021-07-19 11:10:39
bike,0,1584.0,4,2021-07-12 19:23:28
bike,0,941.0,4,2021-07-26 20:23:04
bike,0,1128.0,4,2021-07-12 19:22:08
bike,0,438.0,4,2021-07-05 12:51:24
bike,0,691.0,4,2021-07-26 17:22:09
bike,0,509.0,4,2021-07-12 18:17:54
bike,0,904.0,4,2021-07-26 08:33:12
bike,0,758.0,4,2021-07-12 18:55:19
bike,0,1347.0,4,2021-07-26 08:01:16
bike,0,1491.0,4,2021-07-19 07:54:12
bike,0,996.0,4,2021-07-19 08:34:37
bike,0,908.0,4,2021-07-05 18:33:48
bike,0,563.0,4,2021-07-19 11:00:09
bike,0,1154.0,4,2021-07-12 08:33:30
bike,0,881.0,4,2021-07-19 08:36:51
bike,0,752.0,4,2021-07-12 18:55:28
bike,0,2286.0,4,2021-07-05 15:33:00
bike,0,938.0,4,2021-07-26 18:19:22
bike,0,1090.0,4,2021-07-12 12:24:45
bike,0,646.0,4,2021-07-19 23:42:52
bike,0,1012.0,4,2021-07-05 02:18:19
bike,0,584.0,4,2021-07-19 18:35:38
bike,0,736.0,4,2021-07-26 07:24:12
bike,0,428.0,4,2021-07-19 12:29:46
bike,0,397.0,4,2021-07-19 14:22:28
bike,0,381.0,4,2021-07-19 20:10:11
bike,0,891.0,4,2021-07-05 14:01:00
bike,0,605.0,4,2021-07-26 10:08:37
bike,0,374.0,4,2021-07-05 15:47:47
bike,0,454.0,4,2021-07-12 19:21:21
bike,0,339.0,4,2021-07-12 16:58:00
bike,0,329.0,4,2021-07-05 20:43:06
bike,0,333.0,4,2021-07-12 16:42:03
bike,0,352.0,4,2021-07-12 19:03:58
bike,0,2227.0,4,2021-07-19 23:12:41
bike,0,2391.0,4,2021-07-12 19:27:48
bike,0,1121.0,4,2021-07-26 14:17:07
bike,0,155.0,4,2021-07-12 21:35:45
bike,0,91.0,4,2021-07-19 08:37:54
bike,0,427.0,4,2021-07-19 21:33:03
bike,0,114.0,4,2021-07-19 13:24:16
bike,0,2863.0,4,2021-07-19 21:48:59
bike,0,326.0,4,2021-07-05 20:09:31
bike,0,379.0,4,2021-07-12 11:38:47
bike,0,462.0,4,2021-07-12 18:32:56
bike,0,2855.0,4,2021-07-19 21:48:49
bike,0,699.0,4,2021-07-05 12:00:39
bike,0,117.0,4,2021-07-12 17:54:59
bike,0,127.0,4,2021-07-05 13:42:50
bike,0,644.0,4,2021-07-26 14:51:06
bike,0,788.0,4,2021-07-26 20:04:33
bike,0,87.0,4,2021-07-26 20:36:55
bike,0,117.0,4,2021-07-05 11:04:18
bike,0,2967.0,4,2021-07-19 18:41:02
bike,0,696.0,4,2021-07-05 08:38:11
bike,0,591.0,4,2021-07-19 12:18:31
bike,0,1147.0,4,2021-07-05 12:06:10
bike,0,498.0,4,2021-07-12 19:38:47
bike,0,375.0,4,2021-07-05 06:52:59
bike,0,579.0,4,2021-07-19 23:59:55
bike,0,1558.0,4,2021-07-12 13:13:37
bike,0,479.0,4,2021-07-12 12:27:26
bike,0,417.0,4,2021-07-19 12:26:37
bike,0,606.0,4,2021-07-12 13:20:40
bike,0,1121.0,4,2021-07-05 19:34:51
bike,0,821.0,4,2021-07-19 18:22:47
bike,0,940.0,4,2021-07-12 07:35:34
bike,0,1202.0,4,2021-07-19 12:31:15
bike,0,820.0,4,2021-07-05 14:15:59
bike,0,1053.0,4,2021-07-26 17:16:55
bike,0,1122.0,4,2021-07-19 21:18:19
bike,0,1086.0,4,2021-07-12 14:31:37
bike,0,1618.0,4,2021-07-05 23:25:08
bike,0,1223.0,4,2021-07-26 07:33:18
bike,0,805.0,4,2021-07-19 07:58:05
bike,0,686.0,4,2021-07-19 11:50:28
bike,0,1164.0,4,2021-07-12 07:44:50
bike,0,888.0,4,2021-07-05 13:45:25
bike,0,568.0,4,2021-07-12 18:03:08
bike,0,460.0,4,2021-07-05 23:36:33
bike,0,777.0,4,2021-07-19 11:52:29
bike,0,680.0,4,2021-07-19 09:58:04
bike,0,426.0,4,2021-07-19 16:16:06
bike,0,409.0,4,2021-07-26 12:07:23
bike,0,579.0,4,2021-07-26 05:54:17
bike,0,714.0,4,2021-07-12 05:57:56
bike,0,592.0,4,2021-07-26 14:08:40
bike,0,573.0,4,2021-07-26 16:55:55
bike,0,1291.0,4,2021-07-05 18:23:48
bike,0,576.0,4,2021-07-12 22:00:12
bike,0,735.0,4,2021-07-26 13:11:00
bike,0,619.0,4,2021-07-05 10:50:13
bike,0,1126.0,4,2021-07-19 07:04:51
bike,0,717.0,4,2021-07-19 15:07:02
bike,0,693.0,4,2021-07-19 09:41:40
bike,0,621.0,4,2021-07-05 18:49:12
bike,0,867.0,4,2021-07-26 20:37:08
bike,0,488.0,4,2021-07-26 11:46:24
bike,0,606.0,4,2021-07-19 08:22:06
bike,0,609.0,4,2021-07-12 16:16:42
bike,0,1160.0,4,2021-07-26 17:55:53
bike,0,2007.0,4,2021-07-12 16:48:01
bike,0,948.0,4,2021-07-19 09:37:14
bike,0,1174.0,4,2021-07-05 22:33:52
bike,0,1230.0,4,2021-07-19 05:20:23
bike,0,925.0,4,2021-07-26 21:26:57
bike,0,730.0,4,2021-07-26 08:32:50
bike,0,1278.0,4,2021-07-05 07:18:31
bike,0,817.0,4,2021-07-19 14:13:11
bike,0,951.0,4,2021-07-19 18:16:44
bike,0,772.0,4,2021-07-26 08:55:47
bike,0,458.0,4,2021-07-05 19:52:04
bike,0,1113.0,4,2021-07-19 09:40:35
bike,0,360.0,4,2021-07-05 13:48:10
bike,0,1013.0,4,2021-07-12 10:11:28
bike,0,360.0,4,2021-07-26 11:16:18
bike,0,726.0,4,2021-07-19 18:25:24
bike,0,433.0,4,2021-07-26 19:52:24
bike,0,497.0,4,2021-07-12 10:17:21
bike,0,539.0,4,2021-07-26 10:45:07
bike,0,406.0,4,2021-07-19 00:33:04
bike,0,187.0,4,2021-07-12 11:34:02
bike,0,309.0,4,2021-07-19 18:15:45
bike,0,1117.0,4,2021-07-05 22:55:11
bike,0,144.0,4,2021-07-19 14:20:03
bike,0,695.0,4,2021-07-05 18:03:04
bike,0,582.0,4,2021-07-12 13:57:04
bike,0,372.0,4,2021-07-19 09:32:15
bike,0,402.0,4,2021-07-05 11:56:09
bike,0,336.0,4,2021-07-26 07:27:27
bike,0,518.0,4,2021-07-05 00:12:54
bike,0,355.0,4,2021-07-05 09:43:19
bike,0,426.0,4,2021-07-12 13:04:32
bike,0,459.0,4,2021-07-19 16:47:39
bike,0,311.0,4,2021-07-05 15:22:22
bike,0,282.0,4,2021-07-05 16:50:31
bike,0,437.0,4,2021-07-05 07:19:44
bike,0,323.0,4,2021-07-19 11:00:50
bike,0,435.0,4,2021-07-19 12:45:31
bike,0,269.0,4,2021-07-05 11:54:01
bike,0,2388.0,4,2021-07-19 19:50:08
bike,0,817.0,4,2021-07-12 21:04:31
bike,0,299.0,4,2021-07-19 19:20:33
bike,0,224.0,4,2021-07-26 20:02:12
bike,0,255.0,4,2021-07-26 18:01:42
bike,0,244.0,4,2021-07-26 16:13:02
bike,0,331.0,4,2021-07-12 16:50:25
bike,0,316.0,4,2021-07-05 14:17:25
bike,0,280.0,4,2021-07-12 18:41:51
bike,0,271.0,4,2021-07-12 17:25:21
bike,0,824.0,4,2021-07-05 21:32:29
bike,0,524.0,4,2021-07-26 19:56:24
bike,0,242.0,4,2021-07-12 09:45:27
bike,0,440.0,4,2021-07-26 18:29:17
bike,0,1040.0,4,2021-07-19 17:48:21
bike,0,242.0,4,2021-07-26 12:18:06
bike,0,306.0,4,2021-07-19 19:40:23
bike,0,504.0,4,2021-07-12 08:32:32
bike,0,487.0,4,2021-07-26 13:50:20
bike,0,799.0,4,2021-07-12 13:22:53
bike,0,426.0,4,2021-07-26 10:55:22
bike,0,464.0,4,2021-07-12 14:09:32
bike,0,419.0,4,2021-07-19 10:48:44
bike,0,819.0,4,2021-07-26 18:11:57
bike,0,680.0,4,2021-07-26 18:38:14
bike,0,336.0,4,2021-07-19 06:24:33
bike,0,2152.0,4,2021-07-19 17:44:28
bike,0,336.0,4,2021-07-12 14:50:44
bike,0,492.0,4,2021-07-26 19:57:08
bike,0,248.0,4,2021-07-12 20:19:25
bike,0,304.0,4,2021-07-05 09:14:47
bike,0,540.0,4,2021-07-05 08:45:16
bike,0,492.0,4,2021-07-26 13:37:37
bike,0,1337.0,4,2021-07-12 17:10:21
bike,0,1373.0,4,2021-07-12 17:09:27
bike,0,525.0,4,2021-07-19 13:06:36
bike,0,327.0,4,2021-07-05 09:14:49
bike,0,519.0,4,2021-07-12 17:06:56
bike,0,1024.0,4,2021-07-19 18:20:37
bike,0,465.0,4,2021-07-19 09:48:15
bike,0,286.0,4,2021-07-19 20:31:08
bike,0,375.0,4,2021-07-19 12:31:58
bike,0,326.0,4,2021-07-05 12:03:41
bike,0,319.0,4,2021-07-19 13:31:53
bike,0,267.0,4,2021-07-12 17:06:52
bike,0,308.0,4,2021-07-26 12:54:39
bike,0,455.0,4,2021-07-19 03:06:59
bike,0,322.0,4,2021-07-12 12:53:01
bike,0,605.0,4,2021-07-12 11:52:22
bike,0,300.0,4,2021-07-05 10:45:18
bike,0,412.0,4,2021-07-12 08:51:42
bike,0,263.0,4,2021-07-19 05:04:04
bike,0,749.0,4,2021-07-19 19:38:12
bike,0,467.0,4,2021-07-12 10:51:19
bike,0,457.0,4,2021-07-05 17:55:41
bike,0,185.0,4,2021-07-05 22:25:52
bike,0,496.0,4,2021-07-05 10:56:52
bike,0,347.0,4,2021-07-19 15:14:34
bike,0,322.0,4,2021-07-19 19:09:20
bike,0,404.0,4,2021-07-26 14:21:28
bike,0,268.0,4,2021-07-19 10:21:54
bike,0,370.0,4,2021-07-26 08:21:41
bike,0,489.0,4,2021-07-19 11:47:22
bike,0,249.0,4,2021-07-26 10:46:47
bike,0,300.0,4,2021-07-26 05:00:45
bike,0,201.0,4,2021-07-26 17:07:20
bike,0,428.0,4,2021-07-19 12:52:58
bike,0,307.0,4,2021-07-26 17:06:36
bike,0,2358.0,4,2021-07-05 23:53:41
bike,0,686.0,4,2021-07-05 06:54:01
bike,0,2379.0,4,2021-07-05 23:53:22
bike,0,4543.0,4,2021-07-12 08:49:10
bike,0,900.0,4,2021-07-05 11:23:24
bike,0,1048.0,4,2021-07-26 08:40:02
bike,0,909.0,4,2021-07-26 05:49:45
bike,0,1163.0,4,2021-07-19 08:27:36
bike,0,1046.0,4,2021-07-12 08:31:04
bike,0,1384.0,4,2021-07-26 08:47:22
bike,0,1374.0,4,2021-07-12 09:01:16
bike,0,1363.0,4,2021-07-05 08:27:03
bike,0,1557.0,4,2021-07-19 08:42:04
bike,0,890.0,4,2021-07-19 13:51:26
bike,0,1010.0,4,2021-07-26 18:21:17
bike,0,1802.0,4,2021-07-12 07:13:16
bike,0,731.0,4,2021-07-19 07:52:15
bike,0,932.0,4,2021-07-12 12:09:35
bike,0,1273.0,4,2021-07-19 18:05:24
bike,0,818.0,4,2021-07-12 07:46:48
bike,0,1244.0,4,2021-07-05 23:08:00
bike,0,545.0,4,2021-07-19 19:45:44
bike,0,1795.0,4,2021-07-26 18:12:39
bike,0,576.0,4,2021-07-26 17:37:42
bike,0,543.0,4,2021-07-19 00:16:39
bike,0,335.0,4,2021-07-05 16:00:20
bike,0,557.0,4,2021-07-05 16:25:24
bike,0,1066.0,4,2021-07-05 00:21:22
bike,0,536.0,4,2021-07-12 09:02:21
bike,0,997.0,4,2021-07-05 00:22:16
bike,0,968.0,4,2021-07-12 07:41:01
bike,0,938.0,4,2021-07-19 22:42:53
bike,0,216.0,4,2021-07-05 09:33:50
bike,0,451.0,4,2021-07-26 13:35:25
bike,0,421.0,4,2021-07-19 20:01:43
bike,0,1197.0,4,2021-07-26 17:52:45
bike,0,1124.0,4,2021-07-26 07:40:30
bike,0,1108.0,4,2021-07-19 07:40:14
bike,0,296.0,4,2021-07-12 12:02:07
bike,0,414.0,4,2021-07-12 15:49:15
bike,0,1229.0,4,2021-07-12 07:37:20
bike,0,409.0,4,2021-07-05 08:34:31
bike,0,559.0,4,2021-07-26 17:38:19
bike,0,458.0,4,2021-07-05 01:16:37
bike,0,540.0,4,2021-07-05 01:16:22
bike,0,220.0,4,2021-07-19 19:26:05
bike,0,1351.0,4,2021-07-12 09:55:48
bike,0,2845.0,4,2021-07-05 04:15:40
bike,0,1020.0,4,2021-07-12 08:33:33
bike,0,1092.0,4,2021-07-19 06:36:43
bike,0,417.0,4,2021-07-12 10:33:02
bike,0,332.0,4,2021-07-26 12:41:00
bike,0,1036.0,4,2021-07-19 20:12:03
bike,0,551.0,4,2021-07-05 08:17:43
bike,0,434.0,4,2021-07-12 11:37:35
bike,0,2574.0,4,2021-07-05 22:20:46
bike,0,999.0,4,2021-07-12 18:22:04
bike,0,675.0,4,2021-07-26 15:04:53
bike,0,804.0,4,2021-07-26 11:37:11
bike,0,593.0,4,2021-07-12 16:40:56
bike,0,566.0,4,2021-07-19 14:36:51
bike,0,438.0,4,2021-07-12 18:43:53
bike,0,651.0,4,2021-07-26 13:21:58
bike,0,660.0,4,2021-07-12 14:40:34
taxi,0,864.0,4,07/05/2021 12:05:18 AM
taxi,0,684.0,4,07/05/2021 12:24:18 AM
taxi,0,1144.0,4,07/05/2021 12:12:33 AM
taxi,0,435.0,4,07/05/2021 12:29:23 AM
taxi,0,1110.0,4,07/05/2021 12:03:46 AM
taxi,0,586.0,4,07/05/2021 01:55:34 AM
taxi,0,364.0,4,07/05/2021 01:29:06 AM
taxi,0,465.0,4,07/05/2021 01:05:17 AM
taxi,0,671.0,4,07/05/2021 02:19:31 AM
taxi,0,1223.0,4,07/05/2021 04:46:15 AM
taxi,0,278.0,4,07/05/2021 06:39:08 AM
taxi,0,823.0,4,07/05/2021 07:14:02 AM
taxi,0,708.0,4,07/05/2021 08:38:48 AM
taxi,0,245.0,4,07/05/2021 10:11:41 AM
taxi,0,674.0,4,07/05/2021 11:14:47 AM
taxi,0,1907.0,4,07/05/2021 12:26:20 PM
taxi,0,459.0,4,07/05/2021 12:47:00 PM
taxi,0,741.0,4,07/05/2021 12:50:17 PM
taxi,0,158.0,4,07/05/2021 01:13:42 PM
taxi,0,553.0,4,07/05/2021 01:01:30 PM
taxi,0,823.0,4,07/05/2021 01:22:01 PM
taxi,0,289.0,4,07/05/2021 01:55:22 PM
taxi,0,341.0,4,07/05/2021 02:22:55 PM
taxi,0,879.0,4,07/05/2021 02:17:42 PM
taxi,0,440.0,4,07/05/2021 03:53:47 PM
taxi,0,709.0,4,07/05/2021 03:35:59 PM
taxi,0,499.0,4,07/05/2021 04:17:59 PM
taxi,0,434.0,4,07/05/2021 04:04:49 PM
taxi,0,397.0,4,07/05/2021 06:33:37 PM
taxi,0,436.0,4,07/05/2021 07:02:37 PM
taxi,0,678.0,4,07/05/2021 07:48:47 PM
taxi,0,365.0,4,07/05/2021 07:48:53 PM
taxi,0,466.0,4,07/05/2021 08:04:19 PM
taxi,0,387.0,4,07/05/2021 08:57:48 PM
taxi,0,1155.0,4,07/05/2021 10:16:54 PM
taxi,0,1046.0,4,07/05/2021 10:34:29 PM
taxi,0,703.0,4,07/05/2021 11:31:31 PM
taxi,0,686.0,4,07/12/2021 12:10:54 AM
taxi,0,522.0,4,07/12/2021 02:08:16 AM
taxi,0,38.0,4,07/12/2021 02:52:39 AM
taxi,0,741.0,4,07/12/2021 06:52:13 AM
taxi,0,706.0,4,07/12/2021 07:28:24 AM
taxi,0,1000.0,4,07/12/2021 08:39:50 AM
taxi,0,1119.0,4,07/12/2021 08:49:19 AM
taxi,0,836.0,4,07/12/2021 08:13:29 AM
taxi,0,734.0,4,07/12/2021 09:37:20 AM
taxi,0,742.0,4,07/12/2021 09:19:52 AM
taxi,0,415.0,4,07/12/2021 09:17:20 AM
taxi,0,664.0,4,07/12/2021 09:37:49 AM
taxi,0,251.0,4,07/12/2021 09:47:37 AM
taxi,0,2536.0,4,07/12/2021 09:28:39 AM
taxi,0,2117.0,4,07/12/2021 10:14:05 AM
taxi,0,1138.0,4,07/12/2021 11:31:20 AM
taxi,0,339.0,4,07/12/2021 11:19:19 AM
taxi,0,730.0,4,07/12/2021 12:34:24 PM
taxi,0,486.0,4,07/12/2021 01:53:00 PM
taxi,0,1015.0,4,07/12/2021 03:47:12 PM
taxi,0,337.0,4,07/12/2021 03:40:25 PM
taxi,0,836.0,4,07/12/2021 04:56:02 PM
taxi,0,421.0,4,07/12/2021 04:35:20 PM
taxi,0,383.0,4,07/12/2021 04:05:11 PM
taxi,0,1003.0,4,07/12/2021 05:20:33 PM
taxi,0,621.0,4,07/12/2021 05:14:20 PM
taxi,0,206.0,4,07/12/2021 05:47:39 PM
taxi,0,320.0,4,07/12/2021 05:18:20 PM
taxi,0,884.0,4,07/12/2021 05:11:48 PM
taxi,0,562.0,4,07/12/2021 05:54:13 PM
taxi,0,302.0,4,07/12/2021 06:36:01 PM
taxi,0,1186.0,4,07/12/2021 06:16:21 PM
taxi,0,446.0,4,07/12/2021 06:59:45 PM
taxi,0,190.0,4,07/12/2021 07:35:24 PM
taxi,0,1105.0,4,07/12/2021 07:07:50 PM
taxi,0,346.0,4,07/12/2021 07:03:46 PM
taxi,0,985.0,4,07/12/2021 08:56:52 PM
taxi,0,409.0,4,07/12/2021 08:19:23 PM
taxi,0,683.0,4,07/12/2021 08:45:59 PM
taxi,0,479.0,4,07/12/2021 08:58:31 PM
taxi,0,481.0,4,07/12/2021 09:34:14 PM
taxi,0,635.0,4,07/12/2021 09:48:07 PM
taxi,0,367.0,4,07/12/2021 10:42:28 PM
taxi,0,157.0,4,07/12/2021 10:09:28 PM
taxi,0,1218.0,4,07/12/2021 10:11:44 PM
taxi,0,427.0,4,07/12/2021 11:47:11 PM
taxi,0,564.0,4,07/12/2021 11:01:42 PM
taxi,0,1342.0,4,07/19/2021 12:23:34 AM
taxi,0,979.0,4,07/19/2021 02:33:04 AM
taxi,0,769.0,4,07/19/2021 02:12:01 AM
taxi,0,470.0,4,07/19/2021 06:34:10 AM
taxi,0,299.0,4,07/19/2021 07:26:05 AM
taxi,0,221.0,4,07/19/2021 08:55:17 AM
taxi,0,797.0,4,07/19/2021 08:08:52 AM
taxi,0,479.0,4,07/19/2021 08:21:47 AM
taxi,0,300.0,4,07/19/2021 08:08:31 AM
taxi,0,599.0,4,07/19/2021 09:01:34 AM
taxi,0,560.0,4,07/19/2021 09:02:29 AM
taxi,0,663.0,4,07/19/2021 10:23:42 AM
taxi,0,618.0,4,07/19/2021 10:56:59 AM
taxi,0,423.0,4,07/19/2021 11:40:02 AM
taxi,0,736.0,4,07/19/2021 11:26:51 AM
taxi,0,1106.0,4,07/19/2021 12:46:32 PM
taxi,0,1020.0,4,07/19/2021 12:36:53 PM
taxi,0,1379.0,4,07/19/2021 12:28:44 PM
taxi,0,1040.0,4,07/19/2021 12:16:54 PM
taxi,0,428.0,4,07/19/2021 01:56:00 PM
taxi,0,653.0,4,07/19/2021 01:14:08 PM
taxi,0,316.0,4,07/19/2021 01:44:58 PM
taxi,0,364.0,4,07/19/2021 01:57:58 PM
taxi,0,1366.0,4,07/19/2021 02:43:48 PM
taxi,0,594.0,4,07/19/2021 02:20:55 PM
taxi,0,166.0,4,07/19/2021 02:27:29 PM
taxi,0,776.0,4,07/19/2021 02:41:11 PM
taxi,0,8.0,4,07/19/2021 04:57:00 PM
taxi,0,3381.0,4,07/19/2021 04:30:23 PM
taxi,0,753.0,4,07/19/2021 06:43:09 PM
taxi,0,510.0,4,07/19/2021 06:26:42 PM
taxi,0,401.0,4,07/19/2021 07:44:19 PM
taxi,0,1033.0,4,07/19/2021 07:09:34 PM
taxi,0,669.0,4,07/19/2021 07:01:10 PM
taxi,0,1053.0,4,07/19/2021 07:27:00 PM
taxi,0,687.0,4,07/19/2021 08:06:39 PM
taxi,0,852.0,4,07/19/2021 09:12:58 PM
taxi,0,1047.0,4,07/19/2021 09:01:53 PM
taxi,0,172.0,4,07/19/2021 10:06:42 PM
taxi,0,631.0,4,07/19/2021 11:05:12 PM
taxi,0,1133.0,4,07/26/2021 12:42:14 AM
taxi,0,861.0,4,07/26/2021 12:04:32 AM
taxi,0,1016.0,4,07/26/2021 12:36:03 AM
taxi,0,768.0,4,07/26/2021 01:08:40 AM
taxi,0,39.0,4,07/26/2021 02:02:44 AM
taxi,0,36.0,4,07/26/2021 05:55:43 AM
taxi,0,36.0,4,07/26/2021 05:55:43 AM
taxi,0,442.0,4,07/26/2021 07:23:58 AM
taxi,0,624.0,4,07/26/2021 07:57:03 AM
taxi,0,748.0,4,07/26/2021 08:27:09 AM
taxi,0,1312.0,4,07/26/2021 08:59:57 AM
taxi,0,1200.0,4,07/26/2021 09:17:45 AM
taxi,0,1127.0,4,07/26/2021 09:03:14 AM
taxi,0,276.0,4,07/26/2021 09:13:20 AM
taxi,0,602.0,4,07/26/2021 10:17:32 AM
taxi,0,587.0,4,07/26/2021 10:22:35 AM
taxi,0,706.0,4,07/26/2021 11:33:39 AM
taxi,0,1209.0,4,07/26/2021 12:42:11 PM
taxi,0,1134.0,4,07/26/2021 12:23:55 PM
taxi,0,984.0,4,07/26/2021 12:31:51 PM
taxi,0,674.0,4,07/26/2021 01:32:46 PM
taxi,0,536.0,4,07/26/2021 01:43:11 PM
taxi,0,1200.0,4,07/26/2021 02:35:33 PM
taxi,0,619.0,4,07/26/2021 02:41:41 PM
taxi,0,4134.0,4,07/26/2021 03:58:15 PM
taxi,0,207.0,4,07/26/2021 03:41:50 PM
taxi,0,16.0,4,07/26/2021 03:05:53 PM
taxi,0,1141.0,4,07/26/2021 03:06:45 PM
taxi,0,143.0,4,07/26/2021 03:12:28 PM
taxi,0,3934.0,4,07/26/2021 04:02:44 PM
taxi,0,932.0,4,07/26/2021 04:02:14 PM
taxi,0,617.0,4,07/26/2021 04:22:14 PM
taxi,0,1344.0,4,07/26/2021 05:30:00 PM
taxi,0,4801.0,4,07/26/2021 05:29:30 PM
taxi,0,506.0,4,07/26/2021 05:15:46 PM
taxi,0,396.0,4,07/26/2021 06:53:06 PM
taxi,0,1171.0,4,07/26/2021 06:33:54 PM
taxi,0,700.0,4,07/26/2021 07:45:17 PM
taxi,0,1449.0,4,07/26/2021 07:02:53 PM
taxi,0,1207.0,4,07/26/2021 07:54:53 PM
taxi,0,712.0,4,07/26/2021 08:12:41 PM
taxi,0,450.0,4,07/26/2021 08:50:43 PM
taxi,0,499.0,4,07/26/2021 09:33:32 PM
taxi,0,178.0,4,07/26/2021 09:43:49 PM
taxi,0,162.0,4,07/26/2021 10:41:01 PM
taxi,0,1673.0,4,07/26/2021 10:02:38 PM
taxi,0,1564.0,4,07/26/2021 11:13:40 PM
taxi,0,1310.0,4,07/26/2021 11:40:36 PM
taxi,0,1440.0,4,07/05/2021 01:16:00 PM
taxi,0,780.0,4,07/05/2021 03:57:00 PM
taxi,0,540.0,4,07/05/2021 03:47:00 PM
taxi,0,2470.0,4,07/05/2021 04:28:45 PM
taxi,0,720.0,4,07/05/2021 06:05:00 PM
taxi,0,1119.0,4,07/05/2021 01:39:26 AM
taxi,0,496.0,4,07/05/2021 01:14:14 AM
taxi,0,660.0,4,07/05/2021 10:15:00 PM
taxi,0,1169.0,4,07/05/2021 11:38:34 PM
taxi,0,1560.0,4,07/05/2021 11:03:00 PM
taxi,0,901.0,4,07/05/2021 03:23:07 AM
taxi,0,909.0,4,07/05/2021 03:53:28 AM
taxi,0,480.0,4,07/05/2021 06:30:38 AM
taxi,0,660.0,4,07/05/2021 06:43:00 AM
taxi,0,1440.0,4,07/05/2021 06:34:00 AM
taxi,0,1560.0,4,07/05/2021 07:28:00 AM
taxi,0,600.0,4,07/05/2021 07:24:00 AM
taxi,0,840.0,4,07/05/2021 09:47:00 AM
taxi,0,556.0,4,07/05/2021 11:51:43 AM
taxi,0,1888.0,4,07/12/2021 06:46:45 AM
taxi,0,780.0,4,07/12/2021 06:39:00 AM
taxi,0,570.0,4,07/12/2021 07:41:48 AM
taxi,0,720.0,4,07/05/2021 12:06:00 PM
taxi,0,1289.0,4,07/12/2021 08:22:50 PM
taxi,0,737.0,4,07/12/2021 07:13:00 AM
taxi,0,616.0,4,07/12/2021 07:14:13 AM
taxi,0,1200.0,4,07/05/2021 12:48:00 PM
taxi,0,720.0,4,07/12/2021 07:30:00 AM
taxi,0,840.0,4,07/12/2021 07:31:00 AM
taxi,0,1140.0,4,07/05/2021 01:56:00 PM
taxi,0,1020.0,4,07/12/2021 08:50:15 AM
taxi,0,900.0,4,07/12/2021 08:06:00 AM
taxi,0,540.0,4,07/12/2021 10:38:00 PM
taxi,0,480.0,4,07/12/2021 10:19:00 PM
taxi,0,600.0,4,07/12/2021 08:35:00 AM
taxi,0,776.0,4,07/12/2021 10:33:38 AM
taxi,0,922.0,4,07/12/2021 10:59:02 AM
taxi,0,660.0,4,07/12/2021 11:03:00 AM
taxi,0,480.0,4,07/12/2021 11:42:00 AM
taxi,0,2220.0,4,07/12/2021 12:41:00 PM
taxi,0,1020.0,4,07/12/2021 01:21:00 PM
taxi,0,1020.0,4,07/12/2021 02:21:00 PM
taxi,0,807.0,4,07/12/2021 02:29:58 PM
taxi,0,540.0,4,07/19/2021 12:07:00 AM
taxi,0,1163.0,4,07/19/2021 01:46:47 AM
taxi,0,600.0,4,07/12/2021 03:47:00 PM
taxi,0,1285.0,4,07/12/2021 03:20:03 PM
taxi,0,954.0,4,07/12/2021 04:18:07 PM
taxi,0,780.0,4,07/12/2021 12:05:00 AM
taxi,0,3300.0,4,07/19/2021 02:57:00 PM
taxi,0,1338.0,4,07/19/2021 03:02:56 PM
taxi,0,540.0,4,07/12/2021 05:57:00 AM
taxi,0,720.0,4,07/19/2021 08:56:00 AM
taxi,0,347.0,4,07/19/2021 08:40:12 AM
taxi,0,1260.0,4,07/19/2021 08:26:00 AM
taxi,0,549.0,4,07/19/2021 08:13:13 AM
taxi,0,782.0,4,07/19/2021 08:12:30 AM
taxi,0,1320.0,4,07/19/2021 08:56:00 AM
taxi,0,1181.0,4,07/19/2021 08:30:21 AM
taxi,0,805.0,4,07/19/2021 08:44:06 AM
taxi,0,1529.0,4,07/19/2021 09:46:30 AM
taxi,0,573.0,4,07/19/2021 09:53:18 AM
taxi,0,1200.0,4,07/19/2021 04:02:00 PM
taxi,0,2849.0,4,07/19/2021 05:19:35 PM
taxi,0,2160.0,4,07/19/2021 10:53:00 AM
taxi,0,2820.0,4,07/19/2021 05:10:00 PM
taxi,0,1260.0,4,07/19/2021 10:20:00 AM
taxi,0,938.0,4,07/19/2021 11:02:05 AM
taxi,0,388.0,4,07/26/2021 02:13:39 PM
taxi,0,720.0,4,07/19/2021 06:06:00 PM
taxi,0,720.0,4,07/26/2021 02:26:00 PM
taxi,0,1020.0,4,07/19/2021 06:24:00 PM
taxi,0,480.0,4,07/19/2021 07:22:00 PM
taxi,0,1255.0,4,07/19/2021 07:35:42 PM
taxi,0,1172.0,4,07/26/2021 12:49:50 AM
taxi,0,3942.0,4,07/26/2021 03:33:23 PM
taxi,0,553.0,4,07/26/2021 04:01:33 AM
taxi,0,1359.0,4,07/26/2021 04:18:41 AM
taxi,0,900.0,4,07/26/2021 03:26:00 PM
taxi,0,960.0,4,07/26/2021 03:02:00 PM
taxi,0,2640.0,4,07/19/2021 08:03:00 PM
taxi,0,1680.0,4,07/26/2021 03:09:00 PM
taxi,0,540.0,4,07/19/2021 09:54:00 PM
taxi,0,660.0,4,07/26/2021 06:46:00 AM
taxi,0,600.0,4,07/26/2021 06:38:00 AM
taxi,0,960.0,4,07/19/2021 10:33:00 PM
taxi,0,649.0,4,07/26/2021 04:10:10 PM
taxi,0,596.0,4,07/26/2021 07:01:58 AM
taxi,0,840.0,4,07/26/2021 07:41:00 AM
taxi,0,622.0,4,07/19/2021 11:02:28 PM
taxi,0,1842.0,4,07/26/2021 05:44:24 PM
taxi,0,2160.0,4,07/26/2021 05:23:00 PM
taxi,0,1225.0,4,07/26/2021 10:49:02 AM
taxi,0,1560.0,4,07/26/2021 10:20:00 AM
taxi,0,480.0,4,07/26/2021 10:37:00 AM
taxi,0,1680.0,4,07/26/2021 10:07:00 AM
taxi,0,916.0,4,07/26/2021 10:58:25 AM
taxi,0,1108.0,4,07/26/2021 11:00:39 AM
taxi,0,1080.0,4,07/26/2021 10:19:00 PM
taxi,0,1440.0,4,07/26/2021 12:02:00 PM
taxi,0,836.0,4,07/26/2021 10:26:12 PM
taxi,0,60.0,4,07/26/2021 11:07:00 PM
taxi,0,609.0,4,07/26/2021 11:19:30 PM
taxi,0,1440.0,4,07/26/2021 11:03:00 PM
taxi,0,1320.0,4,07/26/2021 01:26:00 PM
